0 	 best_hh	HalftimeHash16	HalftimeHash24	Halftime32	Halftime40	Halftime16v3	Halftime24v3	Halftime32v3	Halftime40v3	 clhash 	 clhash128 	 umash 	 umash128
1	0.076923077	0.0625	0.058823529	0.052631579	0.05	0.076923077	0.071428571	0.066666667	0.0625	0.083333333	0.04	0.25	0.25
2	0.15384615	0.125	0.11764706	0.10526316	0.1	0.15384615	0.14285714	0.13333333	0.125	0.16666667	0.08	0.5	0.5
3	0.23076923	0.1875	0.17647059	0.15789474	0.15	0.23076923	0.21428571	0.2	0.1875	0.25	0.12	0.75	0.75
4	0.30769231	0.25	0.23529412	0.21052632	0.2	0.30769231	0.28571429	0.26666667	0.25	0.33333333	0.16	1	0.8
5	0.38461538	0.3125	0.29411765	0.26315789	0.25	0.38461538	0.35714286	0.33333333	0.3125	0.41666667	0.2	1.25	1
6	0.46153846	0.375	0.35294118	0.31578947	0.3	0.46153846	0.42857143	0.4	0.375	0.5	0.24	1.5	1.2
7	0.53846154	0.4375	0.41176471	0.36842105	0.35	0.53846154	0.5	0.46666667	0.4375	0.58333333	0.28	1.75	1.4
8	0.61538462	0.5	0.47058824	0.42105263	0.4	0.61538462	0.57142857	0.53333333	0.5	2.6666667	1.1428571	2	1.6
9	0.69230769	0.5625	0.52941176	0.47368421	0.45	0.69230769	0.64285714	0.6	0.5625	0.75	0.36	2.25	1
10	0.76923077	0.625	0.58823529	0.52631579	0.5	0.76923077	0.71428571	0.66666667	0.625	0.76923077	0.38461538	2.5	1.1111111
11	0.84615385	0.6875	0.64705882	0.57894737	0.55	0.84615385	0.78571429	0.73333333	0.6875	0.84615385	0.42307692	2.75	1.2222222
12	0.92307692	0.75	0.70588235	0.63157895	0.6	0.92307692	0.85714286	0.8	0.75	0.92307692	0.46153846	3	1.3333333
13	1	0.8125	0.76470588	0.68421053	0.65	1	0.92857143	0.86666667	0.8125	1	0.5	3.25	1.4444444
14	1.0769231	0.875	0.82352941	0.73684211	0.7	1.0769231	1	0.93333333	0.875	1.0769231	0.53846154	3.5	1.5555556
15	1.1538462	0.9375	0.88235294	0.78947368	0.75	1.1538462	1.0714286	1	0.9375	1.1538462	0.57692308	3.75	1.6666667
16	1.2307692	1	0.94117647	0.84210526	0.76190476	1.2307692	1.1428571	1.0666667	1	5.3333333	2.2857143	4	1.7777778
17	1.3076923	1.0625	1	0.89473684	0.80952381	1.3076923	1.1333333	1.1333333	1.0625	1.4166667	0.68	2.125	1.4166667
18	1.3846154	1.125	1.0588235	0.94736842	0.85714286	1.3846154	1.2	1.2	1.125	1.5	0.72	2.25	1.5
19	1.4615385	1.1875	1.1176471	1	0.9047619	1.4615385	1.3571429	1.2666667	1.1875	1.5833333	0.76	2.375	1.5833333
20	1.5384615	1.25	1.1764706	1.0526316	0.95238095	1.5384615	1.4285714	1.3333333	1.25	1.6666667	0.8	2.5	1.6666667
21	1.6153846	1.3125	1.2352941	1.1052632	0.95454545	1.6153846	1.5	1.4	1.3125	1.75	0.84	2.625	1.75
22	1.6923077	1.375	1.2941176	1.1578947	1.047619	1.6923077	1.5714286	1.4666667	1.375	1.8333333	0.88	2.75	2
23	1.7692308	1.4375	1.3529412	1.2105263	1.0952381	1.7692308	1.5333333	1.5333333	1.4375	1.9166667	0.92	2.875	1.9166667
24	1.8461538	1.5	1.4117647	1.2631579	1.1428571	1.8461538	1.6	1.6	1.5	6	3	3	2
25	1.9230769	1.5625	1.4705882	1.3157895	1.1904762	1.9230769	1.7857143	1.6666667	1.5625	2.0833333	1	3.125	2.0833333
26	2	1.625	1.5294118	1.3684211	1.2380952	2	1.8571429	1.7333333	1.625	2	1	3.25	2.1666667
27	2.0769231	1.6875	1.5882353	1.4210526	1.2857143	2.0769231	1.9285714	1.8	1.6875	2.0769231	1.0384615	3.375	2.4545455
28	2.1538462	1.75	1.6470588	1.4736842	1.3333333	2.1538462	1.8666667	1.8666667	1.75	2.1538462	1.0769231	3.5	2.3333333
29	2.2307692	1.8125	1.7058824	1.5263158	1.3809524	2.2307692	2.0714286	1.9333333	1.8125	2.2307692	1.1153846	3.625	2.4166667
30	2.3076923	1.875	1.7647059	1.5789474	1.4285714	2.3076923	2.1428571	2	1.875	2.3076923	1.1538462	3.75	2.5
31	2.3846154	1.9375	1.8235294	1.6315789	1.4761905	2.3846154	2.0666667	2.0666667	1.9375	2.3846154	1.1923077	3.875	2.8181818
32	4	2	1.8823529	1.6842105	1.5238095	4	4	3.5555556	2.6666667	8	4	4	2.9090909
33	2.3571429	2.0625	1.9411765	1.7368421	1.5714286	2.3571429	2.2	1.9411765	1.9411765	2.75	1.32	4.125	2.75
34	2.2666667	2.125	2	1.7894737	1.6190476	2.2666667	2.125	2	1.8888889	2.8333333	1.36	4.25	2.8333333
35	2.3333333	2.1875	2.0588235	1.8421053	1.75	2.3333333	2.1875	2.0588235	1.9444444	2.9166667	1.4	4.375	2.9166667
36	2.4	2.25	2.1176471	1.8947368	1.7142857	2.4	2.25	2.1176471	2	3	1.44	4.5	3
37	2.4666667	2.3125	2.1764706	1.9473684	1.7619048	2.4666667	2.3125	2.1764706	2.0555556	3.0833333	1.48	4.625	3.0833333
38	2.5333333	2.375	2.2352941	2	1.8095238	2.5333333	2.375	2.2352941	2.1111111	3.1666667	1.52	4.75	3.1666667
39	2.6	2.4375	2.2941176	2.0526316	1.8571429	2.6	2.4375	2.2941176	2.1666667	3.25	1.56	4.875	3.25
40	2.6666667	2.5	2.3529412	2.1052632	1.9047619	2.6666667	2.5	2.3529412	2.2222222	10	4.4444444	5	3.3333333
41	2.7333333	2.5625	2.4117647	2.1578947	1.952381	2.7333333	2.5625	2.4117647	2.2777778	3.4166667	1.64	5.125	3.4166667
42	2.8	2.625	2.4705882	2.2105263	2	2.8	2.625	2.4705882	2.3333333	3.2307692	1.6153846	5.25	3.5
43	2.8666667	2.6875	2.5294118	2.2631579	2.047619	2.8666667	2.6875	2.5294118	2.3888889	3.3076923	1.6538462	5.375	3.5833333
44	2.9333333	2.75	2.5882353	2.3157895	2.0952381	2.9333333	2.75	2.5882353	2.4444444	3.3846154	1.6923077	5.5	3.6666667
45	3	2.8125	2.6470588	2.3684211	2.1428571	3	2.8125	2.6470588	2.5	3.4615385	1.7307692	5.625	3.75
46	3.0666667	2.875	2.7058824	2.4210526	2.1904762	3.0666667	2.875	2.7058824	2.5555556	3.5384615	1.7692308	5.75	3.8333333
47	3.1333333	2.9375	2.7647059	2.4736842	2.2380952	3.1333333	2.9375	2.7647059	2.6111111	3.6153846	1.8076923	5.875	3.9166667
48	3.2	3	2.8235294	2.5263158	2.2857143	3.2	3	2.8235294	2.6666667	12	5.3333333	6	4
49	3.2666667	3.0625	2.8823529	2.5789474	2.3333333	3.2666667	3.0625	2.8823529	2.7222222	4.0833333	1.96	6.125	3.7692308
50	3.3333333	3.125	2.9411765	2.6315789	2.3809524	3.3333333	3.125	2.9411765	2.7777778	4.1666667	2	6.25	3.8461538
51	3.6428571	3.1875	3	2.6842105	2.4285714	3.6428571	3.1875	3	2.8333333	4.25	2.04	6.375	3.9230769
52	3.4666667	3.25	3.0588235	2.7368421	2.4761905	3.4666667	3.25	3.0588235	2.8888889	4.3333333	2.08	5.7777778	4
53	3.5333333	3.3125	3.1176471	2.7894737	2.5238095	3.5333333	3.3125	3.1176471	2.9444444	4.4166667	2.12	5.8888889	4.0769231
54	3.6	3.375	3.1764706	2.8421053	2.5714286	3.6	3.375	3.1764706	3	4.5	2.16	6	4.1538462
55	3.6666667	3.4375	3.2352941	2.8947368	2.6190476	3.6666667	3.4375	3.2352941	3.0555556	4.5833333	2.2	6.875	4.2307692
56	3.7333333	3.5	3.2941176	2.9473684	2.6666667	3.7333333	3.5	3.2941176	3.1111111	14	6.2222222	7	4.3076923
57	3.8	3.5625	3.3529412	3	2.85	3.8	3.5625	3.3529412	3.1666667	4.75	2.28	7.125	4.3846154
58	3.8666667	3.625	3.4117647	3.0526316	2.7619048	3.8666667	3.625	3.4117647	3.2222222	4.4615385	2.2307692	6.4444444	4.4615385
59	3.9333333	3.6875	3.4705882	3.1052632	2.8095238	3.9333333	3.6875	3.4705882	3.2777778	4.5384615	2.2692308	6.5555556	4.5384615
60	4	3.75	3.5294118	3.1578947	2.8571429	4	3.75	3.5294118	3.3333333	4.6153846	2.3076923	6.6666667	4.6153846
61	4.0666667	3.8125	3.5882353	3.2105263	2.9047619	4.0666667	3.8125	3.5882353	3.3888889	4.6923077	2.3461538	6.7777778	4.6923077
62	4.1333333	3.875	3.6470588	3.2631579	2.952381	4.1333333	3.875	3.6470588	3.4444444	4.7692308	2.3846154	7.75	4.7692308
63	4.2	3.9375	3.7058824	3.3157895	3	4.2	3.9375	3.7058824	3.5	4.8461538	2.4230769	7	4.8461538
64	8	8	7.1111111	5.3333333	4.5714286	8	7.1111111	5.8181818	4.9230769	12.8	6.4	8	4.9230769
65	4.3333333	3.8235294	3.6111111	3.0952381	2.9545455	4.3333333	3.8235294	3.6111111	3.25	5.4166667	2.6	7.2222222	5.4166667
66	4.4	3.8823529	3.6666667	3.1428571	3	4.4	3.8823529	3.6666667	3.3	5.5	2.64	7.3333333	5.5
67	4.4666667	3.9411765	3.7222222	3.1904762	3.0454545	4.4666667	3.9411765	3.7222222	3.35	5.5833333	2.68	7.4444444	5.5833333
68	4.5333333	4	3.7777778	3.2380952	2.9565217	4.5333333	4	3.7777778	3.4	5.6666667	2.72	7.5555556	5.6666667
69	4.6	4.0588235	3.8333333	3.2857143	3	4.6	4.0588235	3.8333333	3.45	5.75	2.76	7.6666667	5.75
70	4.6666667	4.1176471	3.8888889	3.3333333	3.0434783	4.6666667	4.1176471	3.8888889	3.5	5.8333333	2.8	7.7777778	5.8333333
71	4.7333333	4.1764706	3.9444444	3.3809524	3.0869565	4.7333333	4.1764706	3.9444444	3.55	5.9166667	2.84	7.8888889	5.9166667
72	4.8	4.2352941	4	3.4285714	3.2727273	4.8	4.2352941	4	3.6	14.4	7.2	8	6
73	4.8666667	4.2941176	4.0555556	3.4761905	3.173913	4.8666667	4.2941176	4.0555556	3.65	6.0833333	2.92	8.1111111	6.0833333
74	4.9333333	4.3529412	4.1111111	3.5238095	3.2173913	4.9333333	4.3529412	4.1111111	3.7	5.6923077	2.8461538	8.2222222	6.1666667
75	5	4.4117647	4.1666667	3.5714286	3.4090909	5	4.4117647	4.1666667	3.75	5.7692308	2.8846154	8.3333333	6.25
76	5.0666667	4.4705882	4.2222222	3.6190476	3.4545455	5.0666667	4.4705882	4.2222222	3.8	5.8461538	2.9230769	8.4444444	6.3333333
77	5.1333333	4.5294118	4.2777778	3.6666667	3.3478261	5.1333333	4.5294118	4.2777778	3.85	5.9230769	2.9615385	8.5555556	6.4166667
78	5.2	4.5882353	4.3333333	3.7142857	3.5454545	5.2	4.5882353	4.3333333	3.9	6	3	8.6666667	6.5
79	5.2666667	4.6470588	4.3888889	3.7619048	3.5909091	5.2666667	4.6470588	4.3888889	3.95	6.0769231	3.0384615	8.7777778	6.5833333
80	5.3333333	4.7058824	4.2105263	3.8095238	3.4782609	5.3333333	4.7058824	4.4444444	4	16	8	8.8888889	6.6666667
81	5.4	4.7647059	4.2631579	3.8571429	3.5217391	5.4	4.7647059	4.5	4.05	6.75	3.24	9	5.7857143
82	5.4666667	4.8235294	4.3157895	3.9047619	3.5652174	5.4666667	4.8235294	4.5555556	4.1	6.8333333	3.28	9.1111111	5.8571429
83	5.5333333	4.8823529	4.3684211	3.952381	3.6086957	5.5333333	4.8823529	4.6111111	4.15	6.9166667	3.32	9.2222222	5.9285714
84	5.6	4.9411765	4.4210526	4	3.6521739	5.6	4.9411765	4.6666667	4.2	7	3.36	9.3333333	6
85	5.6666667	5	4.4736842	4.047619	3.6956522	5.6666667	5	4.7222222	4.25	7.0833333	3.4	9.4444444	6.0714286
86	5.7333333	5.0588235	4.5263158	4.0952381	3.7391304	5.7333333	5.0588235	4.7777778	4.3	7.1666667	3.44	9.5555556	6.1428571
87	5.8	5.1176471	4.5789474	4.1428571	3.7826087	5.8	5.1176471	4.8333333	4.35	7.25	3.48	9.6666667	6.2142857
88	5.8666667	5.1764706	4.6315789	4.1904762	3.826087	5.8666667	5.1764706	4.8888889	4.4	17.6	8	9.7777778	6.2857143
89	5.9333333	5.2352941	4.6842105	4.2380952	3.8695652	5.9333333	5.2352941	4.9444444	4.45	7.4166667	3.56	9.8888889	6.3571429
90	6	5.2941176	4.7368421	4.2857143	3.9130435	6	5.2941176	5	4.5	6.9230769	3.4615385	10	6.4285714
91	6.0666667	5.3529412	4.7894737	4.3333333	3.9565217	6.0666667	5.3529412	5.0555556	4.55	7	3.5	10.111111	6.5
92	6.1333333	5.4117647	4.8421053	4.3809524	4	6.1333333	5.4117647	5.1111111	4.6	7.0769231	3.5384615	10.222222	6.5714286
93	6.2	5.4705882	4.8947368	4.4285714	4.0434783	6.2	5.4705882	5.1666667	4.65	7.1538462	3.5769231	10.333333	6.6428571
94	6.2666667	5.5294118	4.9473684	4.4761905	4.0869565	6.2666667	5.5294118	5.2222222	4.7	7.2307692	3.6153846	10.444444	6.7142857
95	6.3333333	5.5882353	5	4.5238095	4.1304348	6.3333333	5.5882353	5.2777778	4.75	7.3076923	3.6538462	10.555556	6.7857143
96	10.666667	5.6470588	5.3333333	4.5714286	4.173913	10.666667	8.7272727	7.3846154	6	19.2	8.7272727	10.666667	6.8571429
97	6.0625	5.7058824	5.3888889	4.6190476	4.2173913	6.0625	5.3888889	4.85	4.6190476	8.0833333	3.88	9.7	6.4666667
98	6.125	5.7647059	5.4444444	4.6666667	4.2608696	6.125	5.4444444	4.9	4.6666667	8.1666667	3.92	9.8	6.5333333
99	6.1875	5.8235294	5.5	4.7142857	4.3043478	6.1875	5.5	4.95	4.7142857	8.25	3.96	9.9	6.6
100	6.25	5.8823529	5.5555556	4.7619048	4.3478261	6.25	5.5555556	5	4.7619048	8.3333333	4	10	6.6666667
102	6.375	6	5.6666667	4.8571429	4.4347826	6.375	5.6666667	5.1	4.8571429	8.5	4.08	10.2	7.2857143
104	6.5	6.1176471	5.7777778	4.952381	4.5217391	6.5	5.7777778	5.2	4.952381	17.333333	8.6666667	10.4	6.9333333
106	6.625	6.2352941	5.8888889	5.047619	4.6086957	6.625	5.8888889	5.3	5.047619	8.1538462	4.0769231	10.6	7.0666667
108	6.75	6.3529412	6	5.1428571	4.6956522	6.75	6	5.4	5.1428571	8.3076923	4.1538462	10.8	7.2
110	6.875	6.4705882	6.1111111	5.2380952	4.7826087	6.875	6.1111111	5.5	5.2380952	8.4615385	4.2307692	11	7.8571429
112	7	6.5882353	6.2222222	5.3333333	4.8695652	7	6.2222222	5.6	5.3333333	18.666667	9.3333333	11.2	7.4666667
114	7.125	6.7058824	6.3333333	5.4285714	4.9565217	7.125	6.3333333	5.7	5.4285714	9.5	4.56	11.4	7.6
116	7.25	6.8235294	6.4444444	5.5238095	5.0434783	7.25	6.4444444	5.8	5.5238095	9.6666667	4.64	11.6	7.7333333
118	7.375	6.9411765	6.5555556	5.6190476	5.1304348	7.375	6.5555556	5.9	5.6190476	9.8333333	4.72	11.8	7.375
120	7.5	7.0588235	6.6666667	5.7142857	5.2173913	7.5	6.6666667	6	5.7142857	20	10	12	7.5
122	7.625	7.1764706	6.7777778	5.8095238	5.3043478	7.625	6.7777778	6.1	5.8095238	9.3846154	4.6923077	12.2	7.625
124	7.75	7.2941176	6.8888889	5.9047619	5.3913043	7.75	6.8888889	6.2	5.9047619	9.5384615	4.7692308	12.4	7.75
126	7.875	7.4117647	7	6	5.4782609	7.875	7	6.3	6	9.6923077	4.8461538	12.6	8.4
128	14.222222	14.222222	11.636364	9.1428571	7.5294118	12.8	10.666667	9.1428571	7.5294118	21.333333	9.8461538	12.8	8.5333333
130	7.6470588	7.2222222	6.5	5.6521739	5.4166667	7.6470588	6.8421053	5.9090909	5.6521739	10.833333	5.2	14.444444	9.2857143
132	7.7647059	7.3333333	6.6	6	5.5	7.7647059	6.9473684	6.2857143	5.7391304	11	5.28	14.666667	9.4285714
134	7.8823529	7.4444444	6.7	6.0909091	5.5833333	7.8823529	7.0526316	6.3809524	5.826087	11.166667	5.36	14.888889	9.5714286
136	8	7.5555556	6.8	5.9130435	5.6666667	8	7.1578947	6.1818182	5.9130435	22.666667	10.461538	15.111111	9.7142857
138	8.1176471	7.6666667	6.9	6.2727273	5.75	8.1176471	7.2631579	6.2727273	6	10.615385	5.3076923	15.333333	9.8571429
140	8.2352941	7.7777778	7	6.0869565	5.8333333	8.2352941	7.3684211	6.3636364	6.0869565	10.769231	5.3846154	15.555556	10
142	8.3529412	7.8888889	7.1	6.173913	5.9166667	8.3529412	7.4736842	6.4545455	6.173913	10.923077	5.4615385	15.777778	10.142857
144	8.4705882	8	7.2	6.5454545	6	8.4705882	7.5789474	6.8571429	6.2608696	24	11.076923	16	10.285714
146	8.5882353	8.1111111	7.3	6.6363636	6.0833333	8.5882353	7.6842105	6.952381	6.3478261	12.166667	5.84	14.6	9.125
148	8.7058824	8.2222222	7.4	6.7272727	6.1666667	8.7058824	7.7894737	7.047619	6.4347826	12.333333	5.92	16.444444	9.25
150	8.8235294	8.3333333	7.5	6.8181818	6.25	8.8235294	7.8947368	7.1428571	6.5217391	12.5	6	16.666667	9.375
153	9	8.5	7.65	6.9545455	6.375	9	7.65	7.2857143	6.6521739	12.75	6.12	15.3	9.5625
156	9.1764706	8.6666667	7.8	7.0909091	6.5	9.1764706	7.8	7.4285714	6.7826087	12	6	15.6	9.75
159	9.3529412	8.8333333	7.95	7.2272727	6.625	9.3529412	8.3684211	7.5714286	6.9130435	12.230769	6.1153846	15.9	9.9375
162	9	9	8.1	7.3636364	6.75	9	7.7142857	7.0434783	6.48	13.5	6.48	16.2	10.125
165	9.1666667	9.1666667	8.25	7.5	6.875	9.1666667	7.8571429	7.173913	6.6	13.75	6.6	16.5	10.3125
168	9.8823529	9.8823529	8.4	7.6363636	7	9.3333333	8	7.3043478	6.72	24	11.2	16.8	10.5
171	9.5	9.5	8.55	7.7727273	7.125	9.5	8.1428571	7.4347826	6.84	13.153846	6.5769231	17.1	10.6875
174	9.6666667	9.6666667	8.7	7.9090909	7.25	9.6666667	8.2857143	7.5652174	6.96	13.384615	6.6923077	17.4	10.875
177	9.8333333	9.8333333	8.85	8.0454545	7.375	9.8333333	8.85	7.6956522	7.08	14.75	7.08	16.090909	10.411765
180	10	10	9	8.1818182	7.5	10	8.5714286	7.826087	7.2	15	7.2	16.363636	10.588235
183	10.166667	10.166667	9.15	8.3181818	7.625	10.166667	9.15	7.9565217	7.32	15.25	7.32	16.636364	10.764706
186	10.333333	10.333333	9.3	8.4545455	7.75	10.333333	9.3	8.0869565	7.44	14.307692	7.1538462	16.909091	10.941176
189	10.5	10.5	9.45	8.5909091	7.875	10.5	9	8.2173913	7.56	14.538462	7.2692308	17.181818	11.117647
192	19.2	19.2	14.769231	12	9.6	16	13.714286	11.294118	8.7272727	24	12	17.454545	11.294118
195	10.263158	10.263158	9.2857143	8.125	7.5	10.263158	8.8636364	8.125	7.2222222	16.25	7.8	17.727273	12.1875
198	10.421053	10.421053	9.4285714	8.25	7.6153846	10.421053	9	8.25	7.3333333	16.5	7.92	18	12.375
201	10.578947	10.578947	9.5714286	8.375	7.7307692	10.578947	9.1363636	8.375	7.4444444	16.75	8.04	18.272727	12.5625
205	10.789474	10.789474	9.7619048	8.5416667	7.8846154	10.789474	9.3181818	8.5416667	7.5925926	15.769231	7.8846154	18.636364	12.8125
209	11	11	9.952381	8.7083333	8.0384615	11	9.5	8.7083333	7.7407407	17.416667	8.36	19	11.611111
213	11.210526	11.210526	10.142857	8.875	8.1923077	11.210526	9.6818182	8.52	7.8888889	16.384615	8.1923077	19.363636	12.529412
217	11.421053	11.421053	10.333333	9.0416667	8.3461538	11.421053	10.333333	9.0416667	8.037037	16.692308	8.3461538	19.727273	12.055556
221	11.631579	11.631579	10.52381	9.2083333	8.5	11.631579	10.045455	9.2083333	8.1851852	17	8.5	20.090909	12.277778
225	11.842105	11.842105	10.714286	9.375	8.6538462	11.25	9.7826087	8.6538462	8.0357143	17.307692	8.6538462	18.75	12.5
229	12.052632	12.052632	10.904762	9.5416667	8.8076923	11.45	9.9565217	8.8076923	7.8965517	17.615385	8.4814815	19.083333	12.722222
233	12.263158	12.263158	11.095238	9.7083333	8.9615385	11.65	10.130435	8.9615385	8.0344828	17.923077	8.9615385	19.416667	12.944444
237	12.473684	12.473684	11.285714	9.875	9.1153846	11.85	10.304348	9.1153846	8.1724138	18.230769	8.7777778	19.75	13.166667
241	12.684211	12.684211	11.47619	10.041667	9.2692308	12.05	10.478261	9.2692308	8.3103448	18.538462	8.9259259	20.083333	12.684211
245	12.894737	12.894737	11.666667	10.208333	9.4230769	12.25	10.652174	9.4230769	8.4482759	18.846154	9.0740741	20.416667	12.894737
249	13.105263	13.105263	11.857143	10.375	9.5769231	12.45	10.826087	9.5769231	8.5862069	19.153846	9.2222222	20.75	13.105263
253	13.315789	13.315789	12.047619	10.541667	9.3703704	12.65	11	9.7307692	8.7241379	18.071429	9.0357143	21.083333	13.315789
258	12.9	12.9	11.727273	10.32	8.8965517	12.285714	10.75	9.2142857	8.3225806	18.428571	9.2142857	17.2	9.5555556
263	13.15	13.15	11.434783	10.52	9.0689655	12.52381	10.958333	9.3928571	8.21875	18.785714	9.3928571	17.533333	9.7407407
268	13.4	13.4	12.181818	10.72	8.9333333	12.761905	11.166667	9.5714286	8.375	19.142857	9.5714286	17.866667	10.307692
273	13.65	13.65	12.409091	10.92	9.4137931	13	11.375	9.75	8.53125	19.5	9.75	17.0625	9.75
278	13.9	13.9	12.636364	11.12	9.5862069	13.238095	11.583333	9.9285714	8.6875	19.857143	9.5862069	17.375	10.296296
283	14.15	14.15	12.863636	11.32	9.7586207	13.47619	11.791667	10.107143	8.84375	20.214286	9.7586207	17.6875	10.107143
288	20.571429	15.157895	13.090909	11.52	9.9310345	20.571429	16	12.521739	9.6	28.8	14.4	18	10.285714
293	15.421053	15.421053	13.318182	11.72	10.103448	13.318182	11.72	9.7666667	8.6176471	19.533333	9.7666667	18.3125	10.464286
298	15.684211	15.684211	13.545455	11.92	10.642857	13.545455	11.92	9.9333333	8.7647059	19.866667	9.9333333	18.625	10.642857
303	15.947368	15.947368	13.772727	12.12	10.448276	13.772727	12.12	10.1	8.9117647	20.2	10.1	18.9375	10.821429
309	16.263158	16.263158	14.045455	12.36	10.655172	14.714286	12.36	10.3	9.0882353	20.6	10.3	18.176471	10.655172
315	16.578947	16.578947	14.318182	12.6	10.862069	15	12.6	10.5	9.2647059	21	10.16129	18.529412	10.862069
321	16.05	16.05	13.956522	11.888889	10.354839	14.590909	12.346154	10.03125	8.6756757	21.4	10.354839	18.882353	11.464286
327	15.571429	15.571429	14.217391	12.111111	10.548387	14.863636	12.576923	10.548387	9.0833333	21.8	10.548387	19.235294	11.678571
333	15.857143	15.857143	13.875	12.333333	10.741935	14.478261	12.333333	10.741935	9	20.8125	10.741935	19.588235	11.892857
339	16.142857	16.142857	14.73913	12.555556	10.59375	14.73913	13.038462	10.59375	9.4166667	21.1875	10.59375	19.941176	11.689655
345	16.428571	16.428571	15	12.777778	10.78125	15.681818	13.269231	10.78125	9.5833333	21.5625	10.78125	19.166667	11.5
351	16.714286	16.714286	15.26087	13	10.636364	15.954545	13.5	10.96875	9.75	21.9375	10.96875	19.5	11.7
358	17.9	17.9	15.565217	13.259259	11.1875	14.916667	12.785714	10.529412	9.4210526	22.375	10.848485	19.888889	11.933333
365	18.25	18.25	15.869565	13.518519	11.774194	15.208333	13.035714	11.060606	9.6052632	22.8125	11.060606	20.277778	12.166667
372	17.714286	17.714286	16.173913	13.777778	11.625	15.5	13.285714	11.272727	9.5384615	23.25	11.272727	19.578947	12
379	18.047619	18.047619	16.478261	14.037037	11.84375	15.791667	13.535714	10.828571	9.9736842	22.294118	11.147059	19.947368	12.225806
386	17.545455	17.545455	15.44	13.310345	11.352941	16.083333	12.866667	11.028571	9.65	22.705882	11.352941	22.705882	13.310345
393	17.863636	17.863636	15.72	13.551724	11.558824	16.375	13.1	11.228571	9.5853659	23.117647	11.558824	23.117647	13.551724
400	18.181818	18.181818	16.666667	13.793103	11.764706	16.666667	13.793103	11.428571	9.7560976	33.333333	16	23.529412	13.333333
408	18.545455	18.545455	17	14.068966	12	17	14.068966	11.657143	9.9512195	31.384615	15.692308	22.666667	13.16129
416	23.111111	18.909091	17.333333	14.344828	12.235294	23.111111	17.333333	13.419355	10.666667	32	16	23.111111	13.419355
424	20.190476	20.190476	17.666667	14.62069	12.470588	16.96	13.677419	11.777778	9.4222222	32.615385	15.703704	22.315789	13.25
432	19.636364	19.636364	18	14.896552	12.705882	17.28	13.935484	12	9.6	33.230769	16	22.736842	13.935484
440	20.952381	20.952381	18.333333	15.172414	12.571429	17.6	14.193548	11.891892	9.7777778	33.846154	16.296296	23.157895	13.333333
448	26.352941	26.352941	23.578947	17.92	14.451613	23.578947	17.92	13.575758	10.926829	32	16	23.578947	13.575758
456	19.826087	19.826087	17.538462	14.709677	12.324324	17.538462	14.25	12	9.7021277	32.571429	16.285714	22.8	14.25
465	20.217391	20.217391	17.884615	15	12.236842	17.884615	14.53125	11.923077	9.893617	25.833333	12.567568	23.25	14.090909
474	20.608696	20.608696	18.230769	15.290323	12.810811	18.230769	14.8125	12.473684	10.085106	24.947368	12.473684	23.7	14.363636
483	21	21	18.576923	15.580645	13.054054	17.888889	14.636364	12.075	12.075	25.421053	12.384615	23	14.205882
492	21.391304	21.391304	18.923077	15.870968	12.947368	18.222222	14.909091	12.3	12.615385	25.894737	12.615385	23.428571	14.470588
501	21.782609	21.782609	19.269231	16.16129	13.540541	18.555556	15.181818	12.219512	12.525	26.368421	12.846154	23.857143	14.314286
511	22.217391	22.217391	19.653846	16.483871	13.810811	18.925926	15.484848	12.775	12.775	25.55	12.775	24.333333	14.6
521	21.708333	21.708333	19.296296	15.323529	13.025	18.607143	14.885714	12.404762	12.404762	26.05	13.025	23.681818	12.707317
531	22.125	22.125	18.964286	15.617647	13.275	18.964286	15.617647	12.642857	12.642857	26.55	12.95122	22.125	12.642857
541	22.541667	22.541667	19.321429	15.911765	13.525	19.321429	15.457143	12.880952	12.880952	27.05	13.195122	22.541667	12.880952
551	22.958333	22.958333	20.407407	16.205882	13.775	19	15.305556	11.978261	12.244444	26.238095	13.119048	22.958333	13.119048
562	23.416667	23.416667	20.814815	16.529412	14.05	19.37931	15.611111	12.217391	12.488889	26.761905	13.380952	23.416667	13.069767
573	23.875	23.875	21.222222	16.852941	14.325	19.758621	15.916667	12.733333	12.733333	27.285714	13.325581	22.92	13.325581
584	23.36	23.36	20.137931	15.783784	13.904762	19.466667	15.368421	12.425532	12.425532	34.352941	17.176471	23.36	14.243902
595	22.884615	22.884615	20.517241	16.081081	14.166667	19.833333	16.081081	12.395833	12.659574	27.045455	13.522727	22.884615	13.522727
606	23.307692	23.307692	20.896552	16.378378	14.093023	20.2	15.947368	12.625	12.893617	27.545455	13.772727	23.307692	14.093023
618	24.72	24.72	21.310345	17.166667	14.714286	19.935484	16.263158	12.612245	12.612245	28.090909	13.733333	23.769231	14.045455
630	25.2	25.2	21.724138	17.5	15	20.322581	16.578947	12.857143	12.857143	28.636364	14	24.230769	14.318182
642	23.777778	23.777778	21.4	16.461538	14.266667	20.709677	16.05	12.588235	12.588235	27.913043	13.956522	25.68	14.590909
654	24.222222	24.222222	21.8	16.769231	14.217391	21.096774	16.35	12.823529	12.823529	28.434783	14.217391	26.16	14.863636
667	24.703704	24.703704	22.233333	17.102564	14.822222	21.516129	17.102564	13.078431	13.078431	29	14.191489	25.653846	14.822222
680	25.185185	25.185185	22.666667	17.435897	15.111111	21.25	20.606061	18.888889	12.830189	35.789474	17.435897	26.153846	14.782609
693	25.666667	25.666667	23.1	17.769231	15.4	21.65625	21	18.72973	12.833333	28.875	14.4375	25.666667	14.744681
706	25.214286	25.214286	21.393939	17.219512	14.708333	22.0625	20.764706	18.102564	12.607143	29.416667	14.408163	26.148148	15.688889
720	25.714286	25.714286	22.5	17.560976	15	22.5	21.176471	18.461538	12.857143	36	18	25.714286	16
734	26.214286	26.214286	22.9375	17.902439	15.291667	22.9375	21.588235	18.820513	13.107143	29.36	14.68	26.214286	15.617021
748	26.714286	26.714286	23.375	18.243902	15.583333	22	21.371429	18.243902	12.896552	29.92	14.666667	26.714286	15.914894
762	27.214286	27.214286	23.8125	18.585366	15.875	22.411765	21.166667	18.585366	13.137931	29.307692	14.653846	27.214286	15.55102
777	26.793103	26.793103	22.2	17.659091	15.235294	22.852941	21	18.5	12.95	29.884615	14.942308	25.9	14.127273
792	27.310345	27.310345	22.628571	18	15.529412	23.294118	22	18.857143	13.2	36	18	26.4	14.666667
807	28.821429	28.821429	23.735294	18.767442	16.14	22.416667	21.236842	18.340909	13.016129	29.888889	14.944444	26.032258	14.410714
823	29.392857	29.392857	24.205882	19.139535	16.46	22.861111	21.657895	18.704545	13.274194	30.481481	15.240741	25.71875	14.438596
839	27.966667	27.966667	23.305556	18.23913	15.537037	23.305556	21.512821	18.644444	12.907692	31.074074	15.254545	25.424242	15.254545
855	29.482759	29.482759	23.108108	18.586957	15.833333	23.75	21.923077	18.586957	13.153846	30.535714	15.267857	25.909091	15
872	30.068966	30.068966	24.914286	19.377778	16.45283	23.567568	21.8	18.553191	13.014925	36.333333	18.166667	26.424242	15.034483
889	30.655172	30.655172	24.694444	19.755556	16.773585	24.027027	21.682927	18.914894	13.268657	31.75	15.596491	26.147059	15.067797
906	29.225806	29.225806	23.842105	18.875	16.178571	23.842105	21.571429	18.489796	13.130435	31.241379	15.62069	28.3125	15.894737
924	29.806452	29.806452	24.315789	19.25	16.210526	24.315789	22	18.857143	13.391304	31.862069	15.661017	28	15.661017
942	31.4	31.4	25.459459	19.625	16.526316	24.153846	21.906977	18.470588	13.267606	31.4	15.7	27.705882	15.7
960	40	40	30	21.818182	22.857143	29.090909	24	19.591837	17.777778	36.923077	18.461538	27.428571	16
979	30.59375	30.59375	24.475	19.979592	20.395833	24.475	22.25	17.482143	16.316667	31.580645	15.790323	27.971429	16.04918
998	32.193548	32.193548	25.589744	19.96	19.96	24.341463	22.177778	17.508772	16.096774	32.193548	15.84127	27.722222	16.360656
1017	31.78125	31.78125	26.763158	20.755102	20.755102	24.804878	22.6	17.842105	16.403226	32.806452	16.142857	28.25	16.403226
1037	31.424242	31.424242	25.292683	19.942308	20.333333	24.690476	22.06383	17.576271	16.203125	26.589744	13.126582	28.027027	15.477612
1057	33.03125	33.03125	25.780488	20.326923	20.72549	25.166667	22.020833	17.327869	16.015152	27.815789	13.551282	27.815789	15.544118
1078	33.6875	33.6875	26.95	20.730769	20.730769	25.069767	22	17.672131	16.333333	27.641026	13.820513	27.641026	15.4
1099	32.323529	32.323529	26.166667	19.981818	20.351852	24.977273	21.98	17.725806	15.927536	28.179487	14.089744	27.475	15.927536
1120	33.939394	33.939394	26.666667	20.740741	20.740741	29.473684	23.829787	18.983051	16.716418	35	17.5	28	15.774648
1142	34.606061	34.606061	27.190476	21.148148	21.148148	25.377778	22.392157	17.84375	16.084507	30.052632	14.641026	27.853659	15.643836
1164	33.257143	33.257143	26.454545	20.421053	20.785714	25.866667	21.962264	17.636364	15.945205	29.846154	14.923077	29.1	16.394366
1187	34.911765	34.911765	26.977273	20.824561	21.196429	25.804348	21.981481	17.455882	15.826667	30.435897	15.217949	29.675	16.486111
1210	35.588235	35.588235	27.5	21.22807	21.22807	26.304348	22.407407	17.794118	16.351351	31.025641	15.512821	28.809524	16.351351
1234	34.277778	34.277778	26.826087	20.915254	20.915254	26.255319	22.436364	17.628571	16.025974	31.641026	15.820513	28.697674	16.453333
1258	35.942857	35.942857	27.955556	21.689655	20.966667	26.208333	22.070175	17.472222	15.725	32.25641	16.128205	29.255814	16.773333
1283	34.675676	34.675676	26.729167	21.032787	20.693548	26.183673	22.12069	17.819444	15.646341	32.897436	16.448718	29.159091	15.839506
1308	35.351351	35.351351	27.25	21.442623	21.442623	26.693878	22.551724	17.675676	15.95122	33.538462	16.556962	28.434783	15.759036
1334	37.055556	37.055556	28.382979	21.868852	21.516129	26.68	22.610169	17.786667	15.880952	33.35	16.675	29	16.072289
1360	35.789474	35.789474	34.871795	30.909091	20.923077	26.666667	28.333333	25.185185	15.632184	36.756757	18.133333	29.565217	16.385542
1387	36.5	36.5	34.675	31.522727	21.671875	26.673077	28.306122	24.333333	15.58427	33.829268	16.710843	29.510638	16.710843
1414	38.216216	38.216216	33.666667	30.73913	21.104478	30.085106	27.72549	24.37931	15.369565	33.666667	16.833333	30.085106	16.635294
1442	38.972973	38.972973	34.333333	31.347826	21.522388	30.041667	27.730769	24.033333	18.253165	34.333333	16.964706	29.428571	16.386364
1470	39.72973	39.72973	35	31.276596	21.940299	30.625	28.269231	24.098361	18.375	34.186047	16.896552	30	16.704545
1499	38.435897	38.435897	34.068182	30.591837	21.414286	30.591837	28.283019	24.177419	18.506173	34.068182	17.034091	29.98	16.842697
1528	40.210526	40.210526	35.534884	31.833333	22.144928	30.56	28.296296	24.253968	18.409639	37.268293	18.190476	30.56	17.168539
1558	38.95	38.95	34.622222	30.54902	21.638889	30.54902	27.821429	23.969231	18.116279	34.622222	17.120879	29.961538	16.4
1589	40.74359	40.74359	35.311111	30.557692	21.767123	30.557692	27.877193	22.380282	18.056818	34.543478	17.271739	29.981132	16.552083
1620	40.5	40.5	35.217391	30.566038	21.315789	31.153846	27.931034	22.5	18	35.217391	17.419355	29.454545	16.363636
1652	41.3	41.3	35.913043	31.169811	22.026667	30.592593	28	22.324324	17.763441	35.148936	17.389474	29.5	16.356436
1685	41.097561	41.097561	35.104167	30.636364	21.883117	31.203704	27.622951	22.466667	17.925532	35.104167	17.371134	30.636364	16.85
1718	41.902439	41.902439	35.791667	31.236364	22.311688	31.236364	27.709677	22.311688	17.71134	35.061224	17.530612	30.140351	17.009901
1752	41.714286	41.714286	35.755102	30.736842	21.62963	31.285714	27.809524	21.9	17.52	37.276596	18.638298	31.285714	17.346535
1787	42.547619	42.547619	36.469388	30.810345	22.3375	31.350877	27.492308	22.061728	17.693069	35.039216	17.693069	30.810345	17.182692
1822	41.409091	41.409091	35.72549	30.366667	21.951807	31.413793	27.19403	21.951807	17.519231	35.72549	17.862745	30.366667	16.414414
1858	41.288889	41.288889	35.730769	29.967742	21.356322	31.491525	26.927536	21.604651	17.203704	35.730769	17.865385	29.967742	16.890909
1895	42.111111	42.111111	36.442308	30.564516	22.034884	31.583333	27.071429	21.534091	17.227273	35.754717	17.877358	30.079365	16.919643
1932	42.933333	42.933333	35.777778	29.723077	26.833333	31.672131	26.833333	21.466667	19.515152	35.777778	17.888889	31.16129	17.097345
1970	42.826087	42.826087	35.818182	30.307692	27.361111	31.774194	26.986301	21.413043	19.313725	35.818182	18.073394	30.78125	17.130435
2009	43.673913	43.673913	35.875	29.985075	26.786667	31.888889	27.148649	21.37234	19.317308	36.527273	18.099099	30.907692	17.17094
2049	42.6875	42.6875	35.947368	29.695652	26.960526	31.523077	31.523077	27.689189	18.972222	32.52381	16.261905	31.523077	16.524194
2089	43.520833	43.520833	36.017241	30.275362	27.12987	31.651515	31.651515	27.486842	18.81982	33.15873	16.448819	30.720588	16.712
2130	43.469388	43.469388	36.101695	30	27.307692	32.769231	30	27.662338	18.684211	33.809524	16.771654	31.323529	17.177419
2172	44.326531	44.326531	36.813559	30.591549	27.846154	32.41791	30.591549	27.15	18.724138	34.47619	17.102362	31.478261	17.238095
2215	44.3	44.3	36.311475	29.932432	27.012195	32.573529	29.533333	25.170455	18.305785	35.15873	17.579365	31.197183	17.170543
2259	44.294118	44.294118	35.857143	29.723684	26.892857	32.271429	29.723684	25.1	18.365854	35.857143	17.787402	31.375	17.244275
2304	48	48	39.050847	31.135135	27.759036	36	31.135135	25.88764	18.580645	38.4	19.2	32.450704	17.860465
2350	45.192308	45.192308	36.71875	30.519481	26.704545	32.638889	29.375	24.736842	18.217054	36.71875	18.359375	30.921053	17.028986
2397	45.226415	45.226415	36.318182	29.9625	26.932584	32.835616	29.592593	24.459184	18.159091	36.876923	18.29771	31.539474	17.369565
2444	44.436364	44.436364	35.941176	29.804878	26	32.586667	28.752941	24.19802	20.032787	37.030303	18.37594	32.157895	17.457143
2492	45.309091	45.309091	36.647059	30.390244	26.795699	32.789474	28.976744	24.194175	20.096774	37.19403	18.459259	31.544304	17.549296
2541	45.375	45.375	36.3	30.25	26.46875	32.576923	28.550562	23.971698	19.851562	37.367647	18.547445	32.576923	18.021277
2591	46.267857	46.267857	35.986111	29.781609	26.438776	32.797468	28.788889	23.990741	19.778626	37.550725	18.640288	31.597561	17.046053
2642	45.551724	45.551724	36.191781	29.685393	26.42	32.617284	28.408602	23.801802	19.57037	37.211268	18.605634	31.831325	17.381579
2694	45.661017	45.661017	45.661017	40.208955	25.657143	32.853659	32.853659	29.282609	19.381295	37.416667	18.57931	32.071429	17.493506
2747	46.559322	46.559322	46.559322	41	26.669903	33.096386	32.702381	29.537634	19.34507	37.630137	18.687075	31.94186	17.608974
2801	46.683333	46.683333	45.918033	40.014286	26.424528	32.952941	32.195402	28.876289	19.054422	37.851351	18.798658	32.195402	17.50625
2857	51.017857	51.017857	45.349206	39.136986	25.972727	34.841463	31.744444	27.209524	18.92053	37.592105	18.796053	32.465909	17.527607
2914	50.241379	50.241379	44.830769	38.853333	30.673684	34.690476	31.333333	26.490909	20.521127	37.358974	18.8	31.673913	17.449102
2972	50.372881	50.372881	45.723077	39.105263	30.020202	34.964706	31.284211	26.535714	20.638889	38.102564	18.810127	32.304348	17.690476
3031	50.516667	50.516667	45.238806	38.367089	30.009901	34.83908	31.247423	26.356522	20.47973	37.8875	18.826087	32.945652	17.934911
3091	50.672131	50.672131	44.157143	38.160494	30.009709	34.730337	30.91	25.97479	20.202614	35.528736	17.5625	31.865979	17.172222
3152	50.83871	50.83871	45.028571	37.52381	29.185185	35.022222	30.901961	25.836066	20.076433	39.4	19.7	32.494845	17.909091
3215	51.854839	51.854839	44.652778	37.823529	29.495413	34.945652	30.619048	25.72	19.968944	36.954023	18.267045	32.474747	17.762431
3279	51.234375	51.234375	44.310811	37.261364	29.017699	34.882979	30.361111	25.418605	19.753012	37.261364	18.630682	32.465347	18.016484
3344	51.446154	51.446154	44.586667	37.155556	29.333333	34.833333	30.4	25.333333	19.555556	39.809524	19.670588	32.153846	17.326425
3410	51.666667	51.666667	44.285714	37.065217	29.145299	34.795918	34.1	30.446429	21.3125	38.314607	19.050279	31.869159	17.309645
3478	51.910448	51.910448	44.025316	37	29.226891	35.131313	33.76699	29.982759	21.207317	38.644444	19.10989	32.504673	17.744898
3547	52.161765	52.161765	43.790123	36.193878	28.837398	36.947917	33.462264	28.150794	20.988166	38.554348	19.172973	32.541284	17.735
3617	52.42029	52.42029	43.578313	36.17	28.706349	36.17	33.183486	27.823077	20.551136	38.478723	19.239362	32.881818	17.47343
3689	52.7	52.7	43.916667	36.524752	28.820312	36.166667	32.9375	27.325926	20.381215	38.427083	19.314136	32.359649	17.735577
3762	52.985915	52.985915	44.258824	36.524272	28.938462	36.524272	32.713043	27.26087	20.445652	38.387755	19.292308	32.713043	17.829384
3837	53.291667	53.291667	43.602273	35.859813	28.422222	36.542857	32.243697	27.021127	20.301587	38.757576	19.378788	32.794872	17.763889
3913	52.878378	52.878378	43	35.572727	31.813008	36.231481	31.813008	26.439189	21.5	38.742574	19.371287	32.338843	17.786364
3991	52.513158	52.513158	42.913978	35.008772	32.185484	35.954955	31.674603	26.256579	21.342246	38.747573	19.373786	32.713115	17.896861
4070	52.857143	52.857143	52.179487	44.725275	32.301587	36.017699	34.786325	30.833333	20.979381	38.761905	19.380952	32.822581	18.088889
4151	53.217949	53.217949	51.8875	44.159574	32.178295	36.095652	34.305785	30.522059	20.859296	37.0625	18.53125	32.429688	17.588983
4234	55.710526	55.710526	50.404762	42.34	31.132353	37.469027	35.579832	30.028369	20.553398	37.803571	18.817778	33.078125	17.864979
4318	56.077922	56.077922	50.209302	42.333333	31.064748	37.547826	33.734375	29.986111	20.464455	38.553571	19.276786	33.734375	18.219409
4404	57.194805	57.194805	50.62069	42.346154	31.014085	37.322034	33.876923	27.873418	21.173077	38.631579	19.486726	33.363636	17.97551
4492	56.15	56.15	49.911111	41.981308	30.97931	37.123967	33.274074	27.728395	20.990654	39.403509	19.615721	34.030303	18.260163
4581	57.2625	57.2625	49.793478	42.027523	30.952703	37.243902	32.956835	27.267857	20.728507	39.153846	19.660944	32.956835	18.106719
4672	62.293333	62.293333	52.494382	42.472727	31.782313	38.933333	33.611511	27.64497	20.857143	40.626087	20.225108	33.611511	17.764259
4765	57.409639	57.409639	49.123711	41.077586	30.350318	37.519685	35.559701	31.143791	20.538793	39.380165	19.609053	33.090278	18.049242
4860	57.857143	57.857143	49.090909	40.5	33.986014	37.099237	35.217391	29.277108	21.504425	39.512195	19.756098	33.287671	17.933579
4957	56.977011	56.977011	48.598039	40.300813	33.268456	38.130769	34.908451	28.819767	21.458874	39.656	19.670635	33.493243	18.091241
5056	60.915663	60.915663	51.070707	40.448	34.162162	40.126984	36.114286	29.225434	21.514894	40.448	20.469636	33.263158	18.121864
5157	57.3	57.3	48.196262	39.976744	33.270968	37.642336	33.927632	27.875676	20.878543	37.919118	18.959559	33.057692	17.782759
5260	57.173913	57.173913	47.387387	38.962963	32.670807	37.841727	33.935484	27.684211	20.708661	38.676471	19.267399	33.503185	18.013699
5365	57.688172	57.688172	47.901786	38.876812	32.91411	37.78169	33.53125	27.372449	21.720648	39.448529	19.724265	33.322981	17.943144
5472	57	57	54.72	46.372881	32.378698	39.366906	36.724832	30.4	21.628458	40.835821	20.342007	33.163636	17.766234
5581	56.94898	56.94898	54.715686	45.373984	32.074713	37.709459	35.547771	29.529101	21.301527	39.58156	19.86121	34.030488	18.238562
5692	61.204301	61.204301	54.730769	45.536	32.158192	38.986301	35.354037	29.189744	21.238806	39.804196	19.832753	33.093023	17.84326
5805	60.46875	60.46875	53.75	44.312977	34.760479	38.959732	34.760479	28.737624	21.823308	40.034483	19.880137	33.362069	17.916667
5921	60.418367	60.418367	53.342342	43.859259	34.424419	38.953947	34.625731	28.603865	21.688645	40.006757	20.003378	33.834286	18.218462
6039	60.39	60.39	52.513043	43.135714	33.926966	38.711538	34.3125	28.219626	21.491103	40.26	19.996689	33.364641	18.189759
6159	60.382353	60.382353	52.641026	42.770833	33.655738	38.735849	35.396552	29.4689	21.311419	38.49375	19.186916	33.472826	17.852174
6282	60.403846	60.403846	51.917355	42.161074	33.414894	38.539877	35.094972	29.083333	22.042105	39.509434	19.63125	33.593583	18.103746
6407	60.443396	60.443396	51.669355	42.430464	33.369792	37.911243	34.820652	28.730942	21.792517	40.295597	20.021875	34.079787	18.201705
6535	60.509259	60.509259	51.054688	41.624204	32.839196	37.994186	34.394737	28.413043	21.639073	40.092025	20.107692	34.394737	18.102493
6665	60.590909	60.590909	50.877863	41.141975	32.671569	37.869318	34.005102	28.122363	21.362179	40.150602	20.135952	34.179487	18.210383
6798	60.696429	60.696429	58.102564	47.873239	34.507614	37.977654	36.159574	30.079646	22.071429	40.464286	20.053097	33.653465	18.176471
6933	59.767241	59.767241	56.827869	47.163265	34.665	37.679348	35.737113	29.755365	21.939873	40.075145	20.15407	33.492754	17.914729
7071	63.133929	63.133929	57.024194	46.827815	34.492683	39.066298	35.712121	29.4625	21.824074	40.405714	20.202857	33.671429	18.271318
7212	62.713043	62.713043	55.476923	45.64557	33.859155	38.361702	34.84058	28.848	22.397516	39.409836	19.597826	34.180095	18.351145
7356	63.965217	63.965217	56.152672	46.264151	34.055556	38.715789	34.698113	28.622568	22.223565	40.196721	19.98913	33.743119	18.298507
7503	63.05042	63.05042	54.766423	44.39645	33.199115	38.476923	36.42233	30.376518	21.938596	40.556757	20.278378	33.64574	18.255474
7653	63.247934	63.247934	54.276596	44.236994	32.987069	38.265	35.929577	29.894531	21.679887	39.65285	20.192612	33.713656	18.352518
7806	62.951613	62.951613	54.208333	43.853933	35.97235	39.226131	35.97235	29.568182	22.431034	40.65625	20.275325	33.646552	17.944828
7962	62.692913	62.692913	53.436242	43.037838	35.386667	39.221675	35.544643	29.272059	22.240223	40.622449	20.259542	34.318966	18.345622
8121	62.953488	62.953488	59.277372	49.218182	35.308696	39.043269	37.252294	31.114943	22.00813	40.605	20.3025	33.8375	18.290541
8283	62.278195	62.278195	57.923077	47.878613	34.802521	38.887324	36.488987	30.340659	22.206434	39.822115	19.911058	34.369295	18.365854
8448	68.682927	68.682927	60.342857	48.83237	35.2	41.009709	36.730435	30.27957	22.115183	41.615764	20.655257	33.927711	18.167742
8616	64.781955	64.781955	57.059603	46.826087	34.190476	39.342466	35.751037	29.506849	21.702771	41.623188	20.711538	33.395349	18.025105
8788	64.617647	64.617647	56.333333	46.744681	35.723577	39.408072	37.237288	31.053004	22.304569	40.874419	20.437209	34.328125	18.308333
8963	64.482014	64.482014	55.670807	45.497462	34.74031	39.139738	36.733607	30.590444	22.022113	40.926941	20.324263	33.319703	17.961924
9142	64.836879	64.836879	55.743902	45.482587	34.498113	39.068376	36.422311	30.171617	22.57284	40.8125	20.360802	33.859259	18.17495
9324	64.75	64.75	55.5	45.482927	34.533333	39.846154	36	29.694268	22.252983	40.189655	19.923077	33.782609	18.318271
9510	64.256757	64.256757	60.189873	50.052632	34.581818	39.625	37.440945	30.977199	21.912442	39.957983	20.234043	33.368421	18.011364
9700	64.238411	64.238411	59.146341	48.258706	36.05948	39.430894	36.742424	30.696203	22.453704	40.92827	20.421053	34.035088	18.441065
9894	66.402685	66.402685	58.892857	48.5	35.718412	40.219512	36.375	30.164634	22.233708	41.053942	20.4	34.715789	18.493458
10091	66.388158	66.388158	57.994253	48.052381	35.407018	40.043651	37.93609	31.534375	22.676404	41.020325	20.46856	33.862416	18.347273
10292	66.831169	66.831169	58.146893	48.093458	35.367698	39.891473	37.425455	31	22.471616	39.891473	19.945736	33.855263	18.151675
10497	65.60625	65.60625	57.360656	46.861607	34.873754	39.912548	36.961268	30.692982	22.192389	41.164706	20.542074	33.970874	18.129534
10706	65.680982	65.680982	56.645503	46.547826	36.539249	40.55303	36.539249	30.242938	22.634249	41.176923	20.548944	34.095541	18.145763
10920	65.783133	65.783133	61.348315	51.028037	36.27907	40.295203	37.269625	31.2	22.331288	41.83908	20.760456	34.018692	18.109453
11138	65.517647	65.517647	59.88172	49.283186	35.35873	40.209386	37.250836	30.938889	22.777096	41.251852	20.549815	34.165644	18.259016
11360	67.619048	67.619048	60.10582	49.391304	34.216867	41.611722	37.245902	30.619946	22.539683	41.611722	20.844037	34.011976	18.060413
11587	66.591954	66.591954	58.520202	48.481172	36.437107	40.513986	36.667722	30.981283	22.764244	41.088652	20.544326	33.979472	18.392063
11818	67.147727	67.147727	58.79602	47.461847	36.251534	40.472603	36.588235	30.61658	22.596558	41.1777	20.553043	34.057637	18.322481
12054	66.966667	66.966667	58.231884	47.456693	36.198198	40.449664	36.08982	30.135	22.700565	41.42268	20.605128	33.95493	18.180995
12295	66.459459	66.459459	60.269608	49.37751	35.33046	40.179739	37.484756	31.205584	22.436131	40.311475	20.188834	33.777473	18.268945
12540	67.058824	67.058824	60.873786	49.176471	37.100592	40.192308	36.882353	30.810811	22.758621	41.25	20.557377	34.168937	18.173913
12790	66.26943	66.26943	59.212963	49.003831	36.542857	40.474684	37.728614	31.736973	22.517606	41.391586	20.629032	34.850136	18.590116
13045	66.897436	66.897436	59.295455	48.314815	36.236111	40.512422	37.271429	31.059524	22.686957	41.281646	20.543307	34.238845	18.193863
13305	66.525	66.525	58.612335	47.688172	36.056911	40.318182	36.958333	30.727483	22.474662	41.19195	20.532407	34.203085	18.201094
13571	65.245192	65.245192	60.856502	50.262963	36.978202	40.631737	37.697222	31.634033	22.731993	41.501529	20.531014	34.444162	18.539617
13842	65.292453	65.292453	60.445415	49.791367	36.619048	40.355685	37.10992	31.035874	22.507317	41.196429	20.628912	34.093596	18.213158
14118	67.550239	67.550239	60.076596	49.191638	36.293059	40.921739	37.951613	31.797297	22.661316	41.16035	20.70088	34.184019	18.382812
14400	69.902913	69.902913	60.504202	48.979592	37.597911	41.73913	37.894737	31.578947	23.113965	41.260745	20.571429	34.204276	18.274112
14688	67.068493	67.068493	59.465587	48.475248	36.81203	41.491525	37.469388	31.184713	22.666667	41.374648	20.600281	34.805687	18.545455
14981	67.179372	67.179372	62.420833	51.4811	36.539024	41.043836	37.830808	31.739407	23.012289	41.043836	20.410082	34.281465	18.656289
15280	66.434783	66.434783	61.365462	50.429043	36.037736	40.965147	37.359413	31.247444	22.771982	41.634877	20.648649	34.26009	18.190476
15585	68.056769	68.056769	60.878906	50.11254	37.644928	41.339523	37.919708	31.871166	22.851906	41.013158	20.452756	34.328194	18.845224
15896	67.355932	67.355932	59.759398	48.760736	36.967442	41.181347	37.579196	31.477228	23.004342	41.181347	20.590674	34.936264	18.635404
16213	67.554167	67.554167	62.357692	52.131833	36.515766	41.571795	38.148235	32.10495	22.675524	41.04557	20.496839	34.204641	18.155655
16537	67.497959	67.497959	62.169173	51.357143	36.830735	41.3425	37.842105	31.619503	22.904432	41.034739	20.241126	34.309129	18.518477
16867	67.738956	67.738956	61.112319	50.651652	36.117773	40.840194	37.733781	31.824528	22.855014	41.139024	20.519465	34.352342	18.555556
17204	68.541833	68.541833	61.007092	50.011628	35.254098	41.455422	37.645514	31.451554	22.726552	41.157895	20.505364	34.896552	18.659436
17548	68.815686	68.815686	63.350181	52.071217	36.78826	41.096019	37.982684	31.905455	22.642581	40.714617	20.380952	35.096	18.687966
17898	68.574713	68.574713	62.362369	51.728324	36.378049	40.956522	37.759494	31.510563	22.770992	40.677273	20.315551	34.753398	18.899683
18255	68.115672	68.115672	61.881356	50.428177	37.028398	40.747768	38.27044	31.747826	22.790262	41.114865	19.863983	34.121495	18.514199
18620	68.708487	68.708487	61.04918	49.786096	36.798419	41.19469	37.464789	31.346801	22.679659	40.743982	19.682875	34.165138	18.381046
18992	68.563177	68.563177	63.096346	52.609418	35.901701	40.843011	37.908184	31.812395	22.663484	39.649269	20.097354	34.720293	18.766798
19371	69.182143	69.182143	63.303922	51.246032	36.480226	41.214894	37.68677	31.54886	22.87013	40.953488	20.178125	34.839928	18.752178
19758	69.326316	69.326316	61.74375	50.531969	36.319853	41.595789	37.996154	31.867742	23.001164	40.822314	20.181818	34.183391	18.294444
20153	69.254296	69.254296	61.069697	50.007444	36.246403	41.212679	37.528864	31.390966	22.69482	41.297131	19.914032	34.21562	18.371012
20556	68.979866	68.979866	63.444444	51.909091	36.83871	41.277108	37.856354	31.527607	22.613861	40.544379	20.093842	34.146179	18.288256
20967	67.635484	67.635484	60.25	50.040573	36.15	41.192534	38.260949	31.529323	22.618123	41.192534	19.780189	34.428571	18.424429
21386	69.888889	69.888889	59.904762	48.826484	36.745704	41.526214	37.784452	31.039187	22.654661	40.503788	20.005613	34.327448	18.420327
21813	69.247619	69.247619	62.145299	49.350679	35.759016	41.390892	38.403169	31.340517	22.793103	40.319778	20.085635	34.405363	18.361111
22249	68.669753	68.669753	61.802778	49.442222	36.654036	41.43203	38.097603	31.92109	22.819487	40.16065	19.724291	35.148499	18.919218
22693	70.256966	70.256966	61.332432	48.489316	36.13535	41.791897	37.385502	31.043776	22.922222	40.379004	19.715899	34.487842	18.241961
23146	70.567073	70.567073	63.763085	51.780761	36.739683	41.554758	37.944262	31.620219	22.962302	39.633562	19.749147	35.069697	18.863896
23608	69.231672	69.231672	61.801047	49.911205	35.933029	41.417544	38.200647	31.945873	22.831721	39.478261	19.939189	34.413994	18.371984
24080	69.195402	69.195402	60.962025	48.646465	37.046154	41.517241	37.742947	31.151358	22.911513	40.267559	19.705401	34.449213	18.494624
24561	69.577904	69.577904	63.465116	50.745868	36.279173	41.418212	37.844376	31.327806	22.868715	39.614516	19.791297	34.303073	18.453043
25052	67.708108	67.708108	60.805825	48.084453	36.51895	41.203947	38.072948	31.120497	22.795268	39.576619	19.977671	34.988827	18.807808
25553	68.876011	68.876011	63.723192	50.6	36.091808	41.482143	38.195815	31.314951	22.673469	39.864275	19.793184	34.34543	18.436508
26064	67.698701	67.698701	61.909739	48.088561	35.950345	41.503185	37.075391	30.555686	22.763319	39.550835	19.760425	34.430647	18.40678
26585	67.992327	67.992327	59.474273	46.72232	35.589023	41.409657	37.390999	30.769676	22.74166	39.210914	19.634417	35.02635	18.4362
27116	67.118812	67.118812	61.767654	48.421429	35.773087	41.525268	37.349862	30.954338	22.729254	39.072046	19.592486	34.367554	18.396201
27658	66.806763	66.806763	59.098291	47.197952	34.965866	41.528529	37.527815	31.216704	22.596405	39.175637	19.368347	35.010127	18.377409
28211	67.009501	67.009501	57.456212	46.399671	35.485535	41.856083	37.564581	30.432578	22.604968	39.291086	19.577377	34.914604	18.670417
28775	66.454965	66.454965	59.575569	47.327303	34.752415	41.165951	37.081186	30.611702	22.604085	39.417808	19.722413	34.963548	18.67294
29350	63.665944	63.665944	55.6926	45.716511	34.940476	40.763889	36.369269	30.509356	22.576923	38.466579	19.271175	34.982122	18.599493
29937	62.239085	62.239085	56.484906	46.199074	35.512456	41.009589	35.981971	30.485743	22.407934	38.136306	19.080306	34.932322	18.734043
30535	60.465347	60.465347	55.117329	45.170118	34.738339	40.876841	36.050767	30.688442	22.419236	38.16875	19.228589	34.857306	18.664425
31145	61.918489	61.918489	56.422101	46.27786	34.760045	41.034256	36.00578	30.745311	22.454939	38.261671	19.07226	34.915919	18.739471
31767	60.05104	60.05104	54.488851	45.31669	34.642312	40.936856	35.296667	30.87172	22.51382	38.089928	19.079279	34.908791	18.697469
32402	60.226766	60.226766	56.547993	46.091038	34.071504	41.01519	35.143167	30.859048	22.408022	38.300236	19.138807	34.287831	18.358074
33050	59.017857	59.017857	53.827362	45.088677	34.17787	40.502451	35.084926	30.830224	22.316003	37.857961	18.842645	33.828045	18.219405
33711	56.37291	56.278798	56.37291	46.626556	34.434116	39.941943	34.575385	30.674249	22.429142	37.373614	18.55311	33.846386	18.281453
34385	55.016	55.016	53.810642	45.907877	34.044554	39.889791	34.662298	30.700893	22.429876	37.415669	18.566415	34.419419	18.616676
35072	54.459627	52.268256	54.459627	46.8251	34.25	40.082286	34.690406	30.684164	22.568855	37.191941	18.410499	33.88599	18.333508
35773	52.918639	52.918639	52.840473	45.512723	34.167144	40.014541	34.832522	30.785714	22.470477	35.916667	17.806371	33.875947	18.602704
36488	54.056296	52.125714	54.056296	46.481529	34.261033	40.140814	34.717412	30.713805	22.565244	35.118383	17.567646	34.455146	18.308078
37217	52.940256	52.940256	52.865057	45.331303	34.269797	40.061356	34.524119	30.555829	22.285629	34.847378	17.374883	33.680543	18.27947
37961	53.541608	52.215956	53.541608	45.736145	33.89375	40.085533	34.731016	30.490763	22.568966	34.987097	17.413303	34.384964	18.581008
38720	52.537313	52.537313	52.324324	45.128205	34.356699	40.502092	34.448399	30.464201	22.485482	35.072464	17.363229	34.387211	18.597502
39494	53.44249	53.154778	53.44249	45.447641	34.462478	40.423746	34.372498	30.240429	22.439773	34.950442	17.32193	33.842331	18.2589
40283	52.795544	52.588773	52.795544	45.008939	33.994093	40.404213	34.459367	30.379336	22.416806	35.028696	17.378343	34.429915	18.302135
41088	53.92126	53.016774	53.92126	46.218223	34.585859	40.440945	34.585859	30.754491	22.513973	34.909091	17.351351	34.440905	18.650931
41909	53.729487	52.715723	53.729487	46.003293	34.100081	39.913333	34.549876	30.412917	22.447242	35.04097	17.389627	33.879547	18.365031
42747	52.97026	52.514742	52.97026	45.234921	34.279872	39.987839	34.501211	30.555397	22.629434	35.124897	17.426417	33.899286	18.666812
43601	53.563882	52.091995	53.563882	45.703354	34.549128	39.927656	34.385647	30.447626	22.486333	35.162097	17.41254	33.851708	18.632906
44473	54.169306	52.382803	54.169306	46.422756	34.636293	40.283514	34.771697	30.671034	22.552231	35.073344	17.297939	34.501939	18.64696
45362	53.054971	52.68525	53.054971	45.912955	34.680428	40.107869	34.495817	30.403485	22.478692	34.867025	17.37342	33.801788	18.283757
46269	53.3053	52.281356	53.3053	45.720356	34.529104	39.818417	34.375186	30.162321	22.482507	34.946375	17.296822	33.921554	18.266482
47194	53.751708	52.379578	53.751708	46.268627	34.574359	40.440446	34.650514	30.546278	22.526969	34.803835	17.306197	33.879397	18.320652
48137	53.366962	52.608743	53.366962	45.029935	34.581178	40.383389	34.680836	30.680051	22.599531	35.008727	17.415702	33.923185	18.528483
49099	54.014301	52.568522	54.014301	46.189087	34.310971	40.477329	34.945907	30.744521	22.605433	35.171203	17.460526	33.978547	18.293219
50080	54.434783	52.494759	54.434783	46.199262	34.348422	40.550607	34.729542	30.462287	22.650384	35.242787	17.473831	33.952542	18.304094
51081	54.111229	52.660825	54.111229	46.352995	34.514189	40.348341	34.891393	30.753161	22.652328	35.107216	17.48152	34.560893	18.676782
52102	53.880041	53.003052	53.880041	45.543706	34.619269	40.451863	34.711526	30.540445	22.564747	35.132839	17.472166	33.964798	18.647817
53144	53.953299	52.410256	53.953299	46.091934	34.264346	40.352316	34.940171	30.808116	22.566454	34.986175	17.510379	34.598958	18.325517
54206	53.99004	52.372947	53.99004	46.329915	34.460267	40.242019	34.680742	30.487064	22.52015	35.17586	17.457649	33.984953	18.653131
55290	54.742574	52.70734	54.742574	46.075	33.816514	40.416667	34.729899	30.750834	22.62275	35.194144	17.4913	34.00369	18.716994
56395	54.018199	52.705607	54.018199	45.116	34.158086	40.542775	34.619398	30.50027	22.612269	35.093342	17.432767	34.55576	18.66766
57522	54.06203	52.483577	54.06203	45.543943	34.137685	40.366316	34.693607	30.613092	22.646457	35.07439	17.430909	34.610108	18.663855
58672	53.926471	52.620628	53.926471	45.411765	34.072009	40.463448	34.820178	30.63812	22.662032	35.302046	17.493143	33.973364	18.323548
59845	54.060524	52.680458	54.060524	45.578827	34.354191	40.766349	34.956192	30.879773	22.668561	35.244405	17.503656	34.632523	18.631694
61041	54.549598	52.666954	54.549598	46.173222	33.987194	40.721147	34.702103	30.643072	22.691822	35.222735	17.475236	34.584136	18.712753
62261	54.807218	52.943027	54.807218	46.359643	34.246975	40.640339	34.841074	30.595086	22.525687	35.195591	17.493959	34.003823	18.398641
63506	53.95582	52.789692	53.95582	46.119099	33.88794	40.553001	34.835985	30.708897	22.680714	35.125	17.461094	34.014997	18.354335
64776	54.848434	53.095082	54.848434	46.169636	34.056782	40.53567	34.807093	30.757835	22.601535	35.26184	17.549716	34.621058	18.324187
66071	54.156557	52.56245	54.156557	46.300631	33.589731	40.262645	34.646565	30.616775	22.480776	35.162853	17.469857	34.022142	18.658853
67392	54.086677	52.485981	54.086677	46.317526	34.088012	40.475676	34.881988	30.786661	22.66039	35.191645	17.540864	34.019182	18.448399
68739	54.38212	52.432494	54.38212	46.41391	34.046062	40.410935	34.804557	30.659679	22.566973	35.106742	17.437595	34.664145	18.423747
70113	54.477855	52.362211	54.477855	46.617686	34.504429	40.434256	34.743806	30.510444	22.544373	35.126754	17.506367	34.018923	18.373428
71515	54.01435	52.507342	54.01435	46.228184	34.398749	40.726082	34.936492	30.75914	22.574179	35.298618	17.519598	34.631961	18.682079
72945	54.517937	52.365398	54.517937	46.13852	34.246479	40.570078	34.868547	30.713684	22.527795	35.188133	17.48442	34.086449	18.397226
74403	54.03268	52.433404	54.03268	46.414847	34.098533	40.326829	34.751518	30.580764	22.566879	35.212021	17.514831	34.62215	18.384729
75891	53.976529	52.374741	53.976529	45.883313	34.386498	40.496798	34.748626	30.712667	22.512904	34.924528	17.374313	34.047106	18.415676
77408	53.718251	52.126599	53.718251	46.379868	34.175717	40.485356	34.978762	30.827559	22.647162	35.2335	17.481481	34.649955	18.720193
78956	53.348649	52.567244	53.348649	45.639306	34.554048	40.615226	34.889969	30.674437	22.623496	35.122776	17.352967	34.062123	18.648087
80535	53.29914	52.227626	53.29914	45.244382	34.270213	40.327992	34.519931	30.540387	22.520973	34.893847	17.382905	34.698406	18.69863
82145	53.689542	52.589629	53.689542	46.331077	34.170133	40.585474	34.955319	30.742889	22.635712	35.179872	17.481379	34.674968	18.368739
83787	53.986469	52.596987	53.986469	45.986279	34.268712	40.792113	34.82419	30.71371	22.645135	35.04266	17.499373	34.073607	18.294105
85462	53.81738	52.754321	53.81738	45.873323	34.474385	40.851816	34.939493	30.819329	22.632945	35.227535	17.484043	34.698335	18.758121
87171	53.283007	52.512651	53.283007	45.615385	34.454941	40.50697	35.192168	30.404953	22.501549	35.050663	17.479647	34.10446	18.706223
88914	53.985428	52.487603	53.985428	46.11722	34.583431	41.278552	34.936739	30.755448	22.705312	35.367542	17.509649	34.092791	18.667646
90692	53.727488	52.727907	53.727488	45.966548	34.301059	40.669058	34.747893	30.587521	22.65035	35.19286	17.548762	34.654948	18.325318
92505	53.719512	52.470221	53.719512	45.658934	34.414062	40.823036	34.907547	30.570059	22.667238	35.320733	17.536493	34.685039	18.706775
94355	54.508954	52.978664	54.508954	46.896123	34.261075	41.006084	35.063174	30.694535	22.686944	35.286088	17.525074	34.13712	18.364149
96242	53.6466	52.620011	53.6466	45.96084	34.557271	40.815098	35.035311	30.75807	22.687883	35.344106	17.559205	34.140475	18.731413
98166	54.445923	52.72073	54.445923	46.879656	34.626455	40.851436	35.109442	30.78269	22.676369	35.286125	17.548445	34.132823	18.393479
100129	53.688472	52.810654	53.688472	46.614991	34.255559	40.86898	34.742887	30.629856	22.638255	35.293973	17.523451	34.706759	18.701718
102131	53.894987	52.780879	53.894987	46.192221	34.573798	40.8524	34.964396	30.441431	22.545475	35.120702	17.473225	34.738435	18.767181
104173	53.642122	52.164747	53.642122	46.464318	34.620472	40.502722	34.898827	30.7658	22.750164	35.229286	17.493367	34.155082	18.434436
106256	54.462327	52.368655	54.462327	46.788199	34.453956	40.52479	34.724183	30.700953	22.709126	35.079564	17.439028	34.154934	18.357982
108381	54.299098	52.231807	54.299098	46.099957	34.483296	40.350335	34.604406	30.624753	22.565272	35.12022	17.418997	34.125	18.432143
110548	54.243376	52.293283	54.243376	46.605396	34.589487	40.59787	34.600313	30.571903	22.657922	35.072335	17.547302	34.741672	18.635873
112758	53.899618	52.641457	53.899618	45.873881	34.524801	40.575027	34.705448	30.54117	22.733468	35.24789	17.536236	34.138056	18.409469
115013	54.072873	52.397722	54.072873	46.41364	34.148753	40.683764	34.884137	30.694689	22.644812	35.25843	17.500456	34.128487	18.658825
117313	54.111162	52.44211	54.111162	46.981578	34.463278	40.663085	34.790332	30.606053	22.686714	35.29272	17.41324	34.738821	18.698279
119659	54.217943	52.138998	54.217943	46.43345	34.139515	40.370783	34.774484	30.697537	22.675573	35.224904	17.514491	34.734107	18.471596
122052	54.077093	52.382833	54.077093	46.231818	34.516968	40.724725	34.832192	30.720362	22.682029	35.203923	17.541247	34.178661	18.489926
124493	54.602193	52.573057	54.602193	46.383383	34.145091	40.737238	34.9405	30.708683	22.709413	35.227221	17.516955	34.163831	18.380777
126982	54.289012	52.689627	54.289012	47.03037	34.403143	40.777778	34.846872	30.694223	22.695621	35.312013	17.485817	34.741997	18.365924
129521	54.765751	52.629419	54.765751	46.724747	34.030741	40.742686	34.864334	30.787022	22.699089	35.234222	17.54314	34.183426	18.803862
132111	54.321957	52.508347	54.321957	46.81467	34.190217	40.749846	34.894612	30.709205	22.715096	35.276636	17.523677	34.190217	18.49517
134753	54.822213	52.555772	54.822213	46.789236	34.454871	40.908622	35.064533	30.814772	22.700977	35.284891	17.561971	34.175247	18.451732
137448	54.629571	52.541284	54.629571	46.798774	34.208064	40.931507	35.117016	30.817937	22.722433	35.351852	17.63963	34.779352	18.466747
140196	55.0652	52.764772	55.0652	46.778779	34.522531	40.84965	35.022733	30.690893	22.733258	35.296073	17.546433	34.185808	18.490636
142999	54.538139	52.227538	54.538139	46.685929	34.42441	40.938735	34.997308	30.81875	22.701857	35.28226	17.569603	34.193926	18.283979
145858	54.343517	52.827961	54.343517	46.451592	34.11883	40.948344	35.239913	30.817241	22.712239	35.368089	17.533117	34.190811	18.50755
148775	54.797422	52.645081	54.797422	46.784591	34.375	40.849808	34.94832	30.719595	22.696415	35.27982	17.552501	34.776765	18.683285
151750	54.763623	52.800974	54.763623	46.937829	34.606613	40.76014	34.933241	30.718623	22.734082	35.266093	17.541325	34.208747	18.458825
154785	54.139559	52.186446	54.139559	46.245892	34.404312	42.558427	36.013262	30.602017	22.669156	35.242486	17.476008	34.790964	18.655538
157880	53.957621	52.591606	53.957621	46.918276	34.426515	40.795866	34.706529	30.608763	22.654613	35.186093	17.501386	34.798325	18.723909
161037	54.130084	52.40384	54.130084	46.663866	34.365557	40.614628	34.947266	30.638699	22.67488	35.199344	17.519256	34.20497	18.431613
164257	54.788859	52.714056	54.788859	47.200287	34.507773	40.728242	35.037756	30.771263	22.690565	35.202958	17.533839	34.205956	18.708087
167542	53.785554	52.340519	53.785554	46.487791	34.234164	40.547435	34.752541	30.606869	22.68987	35.146214	17.505172	34.213192	18.621985
170892	54.234211	52.501382	54.234211	46.539216	34.246894	41.539135	34.940094	30.713875	22.725	34.932952	17.382972	34.811978	18.713535
174309	53.965635	53.965635	53.93224	46.457623	34.489315	40.612535	35.022905	30.585892	22.690575	34.924664	17.363184	34.211776	18.72076
177795	54.106817	52.617638	54.106817	46.812796	34.42304	40.806748	35.026596	30.723173	22.765045	35.241824	17.492621	34.211083	18.449206
181350	53.542958	52.367889	53.542958	46.168534	34.340087	40.71621	34.935465	30.561173	22.685764	34.92201	17.367363	34.808061	18.771349
184977	54.245455	52.625036	54.245455	46.865214	34.324921	40.851811	34.704878	30.671033	22.690996	35.20019	17.528381	34.809371	18.644995
188676	54.139455	52.658666	54.139455	46.540701	34.323449	40.733161	34.959422	30.634194	22.65018	34.849649	17.365486	34.804649	18.31628
192449	54.287447	52.267518	54.287447	46.609106	34.378171	40.695496	34.681744	30.634989	22.627748	34.952597	17.476299	34.838704	18.524305
196297	54.436217	52.542024	54.436217	46.704021	34.528936	40.835656	34.984317	30.825534	22.690672	35.197597	17.523389	34.233868	18.534322
200222	54.246004	52.745522	54.246004	46.704455	34.491301	41.029098	35.077435	30.704186	22.845961	35.176037	17.500393	34.815163	18.764948
204226	54.243293	52.7307	54.243293	46.446668	34.410447	40.877902	34.970205	30.701443	22.798169	35.193176	17.510589	34.237385	18.5239
208310	54.219157	52.590255	54.219157	46.93781	34.408655	40.781128	34.91034	30.778664	22.716467	35.169678	17.5021	34.869434	18.67079
212476	54.761856	52.723573	54.761856	46.800881	34.548943	40.805838	35.004283	30.766869	22.714988	35.137424	17.496377	34.860705	18.751743
216725	54.494594	52.513933	54.494594	46.778545	34.156816	40.791455	34.961284	30.745496	22.793963	34.927478	17.35744	34.832048	18.332346
221059	54.340954	52.608044	54.340954	46.874258	34.497347	40.658267	35.010928	30.668563	22.782541	34.927951	17.357019	34.834384	18.861689
225480	54.149856	52.942005	54.149856	46.519497	34.429684	40.847826	35.039627	30.761255	22.67042	35.198252	17.414272	34.236259	18.67948
229989	54.525605	52.737675	54.525605	46.622542	34.250037	40.749291	34.715321	30.908346	22.762173	34.920893	17.343262	34.229647	18.79763
234588	54.164858	52.223508	54.164858	46.489893	34.543955	40.670596	34.758927	30.725344	22.722588	35.112708	17.46616	34.86742	18.446803
239279	54.344538	52.50801	54.344538	46.633989	34.418728	40.832594	35.018147	30.799202	22.749477	35.100337	17.435077	34.236515	18.47857
244064	54.405707	52.611339	54.405707	46.514961	34.486929	40.998488	35.091876	30.949024	22.752307	35.294866	17.491866	34.230575	18.481296
248945	54.533406	52.619953	54.533406	46.855825	34.479917	40.904535	34.783429	30.714991	22.703602	35.11213	17.457574	34.228654	18.62385
253923	53.694861	52.724875	53.694861	46.344771	34.453596	40.994995	34.722139	30.689268	22.71835	34.946738	17.375325	34.898708	18.550774
259001	53.958542	52.36575	53.958542	46.465913	34.232223	40.621236	34.811962	30.705513	22.757315	35.247823	17.514268	34.901091	18.681549
264181	53.969561	52.625697	53.969561	46.527122	34.304766	40.661998	34.976963	30.765227	22.733069	34.921481	17.36776	34.229204	18.36631
269464	54.371267	52.435104	54.371267	46.74137	34.480358	40.995588	35.04539	30.792367	22.695528	35.205644	17.550085	34.23939	18.458967
274853	54.297313	52.452863	54.297313	46.50643	34.481621	40.646702	34.756323	30.723564	22.685127	34.866548	17.373767	34.219746	18.546086
280350	53.903096	52.226155	53.903096	46.300578	34.176521	40.612777	34.713967	30.82124	22.72801	34.930227	17.447722	34.821761	18.836928
285957	53.822134	52.440308	53.822134	46.489514	34.398773	40.676671	34.733026	30.72824	22.693199	35.060937	17.511145	34.270973	18.652208
291676	53.864451	52.744304	53.864451	46.61595	34.493377	40.776737	34.952187	30.673678	22.694989	35.116301	17.343085	34.234272	18.607719
297509	54.438975	52.731124	54.438975	46.558529	34.141496	40.610019	34.698974	30.750284	22.760998	35.158237	17.500529	34.231849	18.737184
303459	53.662069	52.474321	53.662069	46.336693	34.483977	40.623695	34.856306	30.658618	22.680045	35.142907	17.446188	34.223413	18.519407
309528	54.075472	52.320487	54.075472	46.538566	34.403468	40.593836	34.805802	30.737637	22.710984	35.149671	17.431323	34.236036	18.489218
315718	53.657036	52.43614	53.657036	46.870249	34.391939	41.286518	35.025294	30.819797	22.747892	35.193178	17.513618	34.909111	18.690386
322032	53.815508	52.439668	53.815508	46.415682	34.449294	40.898146	34.769164	30.82826	22.695891	35.033943	17.506496	34.244151	18.842198
328472	54.007234	52.56393	54.007234	46.897773	34.369781	40.778647	34.828968	30.678248	22.793144	35.115672	17.52879	34.858538	18.763395
335041	54.021445	52.737447	54.021445	46.417429	34.250767	40.774127	34.773326	30.720796	22.754754	34.907377	17.431894	34.925571	18.556688
341741	53.656932	52.293956	53.656932	46.275017	34.187775	40.65925	34.821785	30.701734	22.67089	34.967871	17.357832	34.249449	18.736828
348575	53.478828	52.307173	53.478828	46.132213	34.450978	40.89336	34.930855	30.752095	22.712908	35.152783	17.495232	34.833117	18.670327
355546	53.764706	52.556689	53.764706	46.301081	34.177257	40.886155	34.919073	30.764558	22.717143	35.129533	17.475842	34.252987	18.364031
362656	53.62354	52.429666	53.62354	46.00482	34.106649	40.642833	34.880831	30.702337	22.678757	35.236689	17.485824	34.843966	18.302094
369909	53.362522	52.558824	53.362522	46.313885	34.422948	40.792788	34.733239	30.634286	22.696589	35.105723	17.347887	34.244492	18.415343
377307	53.420218	52.258587	53.420218	46.052362	34.194943	40.860624	34.909974	30.762903	22.620324	35.055932	17.515761	34.250817	18.422294
384853	53.697921	52.48234	53.697921	46.112269	34.340412	40.690738	34.715226	30.653365	22.613138	35.117529	17.505254	34.25178	18.71307
392550	54.152297	52.578355	54.152297	46.378781	34.349842	40.775943	34.983513	30.807566	22.78955	35.165278	17.501115	34.256916	18.537495
400401	53.558186	52.594378	53.558186	46.139779	34.333819	40.869756	34.954256	30.750403	22.738429	35.156818	17.519186	34.254513	18.502819
408409	53.554812	52.602911	53.554812	46.14791	34.415522	40.865419	34.957545	30.762956	22.705788	35.153124	17.516255	34.924662	18.617359
416577	53.29116	52.426001	53.29116	46.513734	34.331383	40.87695	34.947735	30.755039	22.719077	35.177926	17.509121	34.260794	18.484137
424908	53.521602	52.600644	53.521602	46.210767	34.352656	40.911612	35.020852	30.844077	22.805281	35.16577	17.505376	34.92873	18.678917
433406	53.966629	52.553171	53.966629	46.195481	34.350955	40.87579	34.952097	30.740194	22.7033	35.161934	17.491565	34.938009	18.466383
442074	53.397029	52.54029	53.397029	46.126252	34.383915	40.993509	34.952087	30.725188	22.714726	35.168974	17.496102	34.927234	18.432038
450915	53.853458	52.757108	53.853458	46.266674	34.108548	40.877074	34.89244	30.653637	22.671577	34.92487	17.380989	34.919461	18.797524
459933	53.165299	52.271054	53.165299	46.275581	34.351557	40.759748	34.751266	30.643814	22.645643	35.168451	17.450789	34.261993	18.381879
469131	53.584352	52.740978	53.584352	46.269948	34.366054	40.709042	34.838185	30.746559	22.77335	35.088332	17.460585	34.258142	18.827748
478513	53.65097	52.55497	53.65097	46.268904	34.427873	40.66222	34.806008	30.693586	22.683717	35.153761	17.482481	34.922858	18.696296
488083	53.712226	52.612159	53.712226	46.259407	34.09115	40.622805	34.873035	30.819158	22.743849	34.972987	17.502797	34.868053	18.759436
497844	53.353767	52.459852	53.353767	46.075335	34.01968	40.867181	34.953591	30.66486	22.660173	34.897238	17.355552	34.267896	18.5079
507800	53.396425	52.774891	53.396425	46.218258	34.322406	40.915317	34.974861	30.627262	22.70106	34.931554	17.405313	34.269132	18.429935
517956	53.518909	52.339935	53.518909	46.167751	34.333554	40.649506	34.734174	30.684597	22.681555	35.089493	17.456053	34.269948	18.696073
528315	53.220006	52.391412	53.220006	46.254159	34.384315	40.878598	34.723299	30.728494	22.692969	35.115653	17.474201	34.939157	18.520473
538881	53.249111	52.420331	53.249111	46.20036	34.343318	40.858367	34.987729	30.642613	22.753916	35.090252	17.35303	34.269062	18.439042
549658	53.380402	52.428272	53.380402	46.353348	34.02823	40.658185	34.700631	30.710582	22.721591	35.126406	17.498902	34.263683	18.54259
560651	53.945059	52.588969	53.945059	46.373118	34.332578	40.905516	34.816556	30.638341	22.637017	35.163761	17.470117	34.840355	18.417628
571864	53.365435	52.565861	53.365435	46.155287	34.385425	41.011474	35.042834	30.883188	22.776167	35.252373	17.536999	34.276193	18.699366
583301	53.999352	52.806536	53.999352	46.224027	34.093226	41.054406	35.113231	30.849429	22.76652	35.191614	17.491334	34.273518	18.778604
594967	53.926131	52.600743	53.926131	46.092888	34.389168	41.032207	35.103369	30.936304	22.759917	35.234336	17.529448	34.266371	18.773413
606866	53.364931	52.913593	53.364931	45.905144	34.330825	40.753878	34.96779	30.750747	22.718002	35.141931	17.455733	34.344426	18.655006
619003	53.948318	52.663178	53.948318	46.531083	34.314707	40.697107	34.787175	30.689291	22.66497	34.895034	17.428849	34.932449	18.559697
631383	53.430058	52.462235	53.430058	46.096444	34.321755	42.388922	34.73527	30.713771	22.627782	35.03207	17.474828	34.265874	18.494478
644010	53.281211	52.839678	53.281211	46.738515	34.303292	40.752389	34.994838	30.765299	22.728428	35.139957	17.478898	34.274082	18.464119
656890	53.510101	52.48402	53.510101	46.308777	34.314893	41.032544	35.086529	30.893571	22.758107	35.142842	17.483033	34.926095	18.689257
670027	53.388606	52.613035	53.388606	46.49091	34.298797	40.890211	34.988355	30.848389	22.793135	35.138819	17.517504	34.920884	18.825214
683427	53.872537	52.847742	53.872537	46.624847	34.123577	40.877265	34.982955	30.789161	22.722579	35.141248	17.484765	34.272454	18.792504
697095	53.311028	52.275591	53.311028	46.058474	34.107789	40.868558	35.008789	30.755096	22.803238	35.181942	17.479376	34.265385	18.797729
711036	53.850045	52.505981	53.850045	46.564244	34.356204	40.871185	34.880353	30.718279	22.695777	35.067863	17.468455	34.266795	18.750949
725256	53.822338	52.615786	53.822338	46.514623	34.341399	40.896357	34.98413	30.76508	22.731022	35.153701	17.513185	34.879815	18.763738
739761	53.362259	52.454159	53.362259	46.131267	34.332436	40.832423	34.925688	30.696751	22.735993	35.14304	17.487199	34.919094	18.849815
754556	52.48355	51.20494	52.48355	45.584245	33.845698	39.993428	34.33077	30.409705	22.699558	34.841206	17.347311	34.088819	18.862014
769647	52.200692	51.357734	52.200692	45.616821	33.768296	39.633709	34.555156	30.464178	22.640006	34.849309	17.203429	34.743906	18.481138
785039	52.047935	51.249445	52.047935	45.073147	33.785462	39.588452	34.300651	30.358444	22.580004	34.82098	17.330162	34.096551	18.546127
800739	52.083973	51.207968	52.083973	45.198634	33.582411	39.383189	34.396005	30.47068	22.68511	34.828368	17.36283	34.76335	18.865332
816753	52.6055	51.326148	52.6055	45.370126	33.618152	39.609748	34.540853	30.532822	22.669951	34.915911	17.352986	34.759884	18.873117
833088	52.570707	51.320643	52.570707	45.691219	33.627513	39.816852	34.654243	30.549615	22.728433	34.90251	17.411499	34.765597	18.799233
849749	52.769608	51.706766	52.769608	45.845643	33.78455	39.77667	34.28896	30.420972	22.597303	34.827206	17.40326	34.714805	18.496528
866743	50.671909	50.112338	50.671909	44.530569	33.164071	39.162434	34.19779	30.292989	22.508128	34.550865	17.234898	33.884945	18.774488
884077	49.967614	49.211077	49.967614	43.606442	32.726623	38.560518	33.838973	30.014497	22.408927	34.228077	17.009658	34.326422	18.713001
901758	50.248412	49.080607	50.248412	43.380863	32.55444	38.526788	33.78383	29.902112	22.35893	34.305638	17.082632	33.651454	18.372104
919793	50.314151	49.213109	50.314151	43.670734	32.710729	38.672763	33.931936	30.014456	22.486627	34.288649	17.089536	34.329601	18.687383
938188	49.521668	48.603222	49.521668	43.107333	32.667851	38.373267	33.585881	29.837738	22.2784	34.058956	17.031642	33.663007	18.417872
956951	48.39196	47.694926	48.39196	42.178729	32.084457	37.794273	33.266739	29.450989	22.258298	33.6753	16.783314	34.090378	18.697022
976090	47.058625	46.013765	47.058625	41.66873	31.708735	37.043264	32.677938	29.121368	22.046076	33.111367	16.584094	33.150727	18.218112
995611	45.908194	45.285922	45.908194	40.238088	31.227018	36.584515	32.525678	28.804021	21.87531	32.945433	16.405942	33.617335	18.500623
1015523	45.670219	44.801826	45.670219	40.167827	31.184493	36.590149	32.491537	28.931455	22.038738	33.083236	16.512569	33.580999	18.53178
1035833	44.843197	44.124941	44.843197	39.389778	31.285542	36.130768	32.198726	28.674372	21.940501	32.805479	16.415477	32.875238	18.438738
1056549	44.833616	43.822024	44.833616	39.342729	31.073143	36.225365	32.177524	28.773905	22.003186	33.065722	16.40604	32.853913	18.563304
1077679	43.477589	42.423296	43.477589	38.372049	30.504954	35.685917	32.064237	28.380886	21.926328	32.759188	16.418023	33.210447	18.385407
1099232	42.85672	41.789538	42.85672	37.452538	30.330335	35.539347	31.797281	28.291347	21.963116	32.732774	16.327733	32.801146	18.35265
1121216	42.052959	40.983113	42.052959	37.041726	29.527441	34.772857	31.215123	27.849379	21.744163	32.301461	16.150265	32.474541	18.193879
1143640	40.082714	39.247744	40.082714	35.714196	29.159612	33.881614	30.541046	27.352611	21.634035	31.471422	15.886316	32.533212	18.274848
1166512	39.273854	38.24128	39.273854	35.040913	28.99319	33.646149	30.629976	27.25368	21.572512	31.450001	15.742615	31.830168	18.074529
1189842	39.891441	37.83883	39.891441	35.178488	28.628122	34.074343	30.622623	27.342004	21.567612	31.800353	15.825734	32.028911	18.258632
1213638	38.344381	38.107197	38.344381	34.194692	28.412455	33.766568	30.567917	27.252554	21.526038	31.581306	15.716017	31.88163	18.308286
1237910	38.399094	37.430757	38.399094	34.396899	28.239575	33.700215	30.444652	27.225961	21.567128	31.464555	15.773171	31.910654	18.183701
1262668	37.413494	36.438532	37.413494	33.446387	28.191476	33.32721	30.503648	27.124401	21.514926	31.426068	15.629787	32.01572	18.036568
1287921	36.907411	36.284575	36.907411	33.07365	27.934519	32.855966	30.388396	27.023101	21.630463	31.315705	15.666995	31.850851	18.318271
1313679	36.611086	35.727896	36.611086	32.794423	27.815092	32.919335	30.512357	26.977698	21.51315	31.37069	15.601888	31.701513	18.220994
1339952	36.002794	35.099329	36.002794	32.399642	27.978619	32.904059	30.116018	27.239226	21.65264	31.511229	15.785684	32.316813	18.259955
1366751	36.648996	35.732052	36.648996	32.688008	28.181595	33.466809	30.437177	27.284816	21.694805	31.547931	15.654362	31.824873	18.425039
1394086	36.029411	35.519925	36.029411	32.717343	27.85164	33.396081	30.270025	27.220267	21.769328	31.318626	15.557606	32.410053	18.554909
1421967	36.502811	35.64095	36.502811	32.586269	28.25231	33.461984	30.415756	27.145063	21.789592	31.548789	15.775444	32.008982	18.305917
1450406	36.555334	35.529138	36.555334	32.596323	27.795673	33.492033	30.314683	27.081539	21.70779	31.596506	15.720513	31.925469	18.370732
1479414	35.951738	35.110452	35.951738	32.300205	27.821608	33.607006	30.714265	27.240678	21.813509	31.799626	15.842773	32.047614	18.309126
1509002	35.843278	35.013272	35.843278	32.155	27.861928	33.324544	30.627197	27.141788	21.740725	32.021942	16.052359	32.760236	18.544487
1539182	36.514175	35.425027	36.514175	32.372481	27.910024	33.614667	30.580585	27.202199	21.811022	31.938538	16.010631	31.779613	18.656073
1569965	35.64295	35.190752	35.64295	32.070209	27.584865	33.817232	31.044769	27.331308	21.967384	32.117446	16.010902	32.72533	18.680497
1601364	35.976815	35.238183	35.976815	32.059981	28.018897	33.700156	30.501009	27.307459	21.98317	32.015114	15.982474	32.319448	18.641321
1633391	35.891604	35.194049	35.891604	32.207256	28.20763	33.662201	30.878708	27.333428	21.974855	32.139447	16.041159	32.299605	18.637506
1666058	35.941279	35.315796	35.941279	32.167008	28.091623	33.712222	30.643528	27.266833	21.977627	31.839356	15.913748	32.15335	18.676524
1699379	35.7764	34.81264	35.7764	31.797377	27.932395	33.344694	30.331429	27.246737	21.79725	31.762312	15.843992	32.030516	18.439642
1733366	35.486345	34.595362	35.486345	31.725712	27.49716	33.168756	30.712747	27.148321	21.863298	31.969126	15.897627	32.042406	18.366792
1768033	35.172137	34.473989	35.172137	31.478146	27.700393	33.256833	30.500681	26.994519	21.877264	31.751755	15.87374	32.529907	18.767135
1803393	34.948122	34.197269	34.948122	31.455809	27.61493	33.409159	30.611121	27.148903	21.866996	31.515177	15.873262	32.787771	18.60933
1839460	35.61394	34.728416	35.61394	31.870885	27.447253	33.479424	30.682724	27.188826	21.900158	31.843299	15.913798	32.227692	18.69864
1876249	34.880352	34.668952	34.880352	31.335054	27.674922	33.378087	30.503154	27.14677	21.856496	31.961723	15.905942	32.287329	18.759113
1913773	35.246386	34.575845	35.246386	31.267735	27.567638	33.4564	30.654701	27.283877	22.008522	32.000217	15.981803	32.458286	18.455255
1952048	35.693613	34.914736	35.693613	31.901422	28.008839	33.754353	23.361034	21.90015	18.708171	24.010726	12.281898	24.510591	16.897045
1991088	34.735751	24.14845	34.735751	31.485626	27.799562	33.275198	30.716238	27.231161	21.996111	31.729475	15.873338	31.999743	18.771984
2030909	35.29315	34.799674	35.29315	31.621783	28.135558	33.547118	30.636733	27.245895	22.016706	31.764221	15.880248	32.570629	18.842573
2071527	35.094567	34.447942	35.094567	31.42105	27.800134	33.495464	30.467665	27.272724	21.951351	31.794806	15.861373	32.349413	18.619965
2112957	34.948593	34.307933	34.948593	31.37325	27.708368	33.457745	30.525238	27.211294	21.976089	31.941422	15.983759	32.290436	18.521388
2155216	35.11668	34.428921	35.11668	31.396547	27.870734	33.274397	30.524545	27.226762	22.002103	31.717208	15.842051	32.249229	18.725052
2198320	34.710498	34.049223	34.710498	31.409956	27.882601	33.324036	30.547071	27.165241	21.984739	31.70852	15.835188	32.18718	18.732542
2242286	34.62081	34.049869	34.62081	31.246582	27.710253	33.214131	30.393987	27.086964	21.890483	31.772126	15.751257	32.1424	18.508039
2287131	34.429707	33.958382	34.429707	31.152183	27.645727	33.096941	30.404677	27.170821	21.95723	31.673328	15.87018	32.206309	18.545859
2332873	34.624174	34.021277	34.624174	31.186891	27.839244	33.211466	30.501451	27.102794	21.937663	31.430594	15.676751	31.853749	18.521627
2379530	34.202901	33.727322	34.202901	31.051794	27.643881	32.86099	30.184823	27.112207	21.932769	31.013346	15.700562	31.888636	18.51515
2427120	33.868996	33.324455	33.868996	30.764707	27.389803	32.576606	29.91643	27.054575	21.857872	31.291433	15.581634	31.794388	18.505173
2475662	34.646449	33.840861	34.646449	30.781479	27.335144	33.219661	30.409429	27.209861	21.929667	32.015079	15.93449	32.314707	18.533317
2525175	34.872328	34.185428	34.872328	31.397886	27.382669	33.360306	29.865702	26.957053	21.960526	31.832478	15.891699	31.632302	18.587417
2575678	33.525251	33.019396	33.525251	30.609995	27.547064	32.487141	29.954621	26.910992	21.980901	31.293928	15.613292	31.646901	18.516204
2627191	33.333642	32.921368	33.333642	30.586076	27.419699	32.30325	29.947348	27.037059	21.953631	31.137448	15.462251	31.361955	18.660087
2679734	34.015842	33.91682	34.015842	31.32177	27.857021	32.9048	30.098887	27.102514	21.905063	31.423141	15.53442	31.733108	18.547953
2733328	34.265112	33.567834	34.265112	31.100835	27.008369	32.377347	29.558439	26.623498	21.93031	30.739527	15.262997	31.258754	18.657784
2787994	32.792985	32.373739	32.792985	30.325708	27.112652	31.801004	29.43872	26.763886	21.780693	31.340918	15.601883	31.775995	18.691047
2843753	33.214817	32.647789	33.214817	30.352791	27.089554	32.30216	30.243683	27.019801	21.895908	30.639268	15.636529	31.878495	18.631678
2900628	33.978329	33.144352	33.978329	30.559626	27.234665	33.108412	30.36957	27.013746	21.879808	31.24431	15.721561	31.929418	18.58162
2958640	34.809577	34.031217	34.809577	31.365781	27.280892	33.251366	30.536387	27.122336	21.843364	31.264358	15.351057	31.975964	18.525193
3017812	34.497954	33.874126	34.497954	31.126225	26.946194	33.064665	30.140745	26.860571	21.84525	31.161901	15.552686	32.03384	18.533172
3078168	33.880752	33.493297	33.880752	30.81712	26.974736	32.725231	30.208326	26.589109	21.74262	30.28292	15.231368	30.919581	18.515742
3139731	33.40317	31.589373	31.94907	29.669646	27.083457	33.40317	30.421687	27.119483	21.884234	31.780262	15.806296	32.213933	18.542522
3202525	34.885133	33.941592	34.885133	31.006681	27.392143	32.877771	30.372097	27.054751	21.925792	31.594304	15.694267	32.03486	18.506143
3266575	33.832638	33.695484	33.832638	30.908011	27.141166	32.907953	30.131954	26.861072	21.768894	30.125563	15.363586	32.115294	18.704942
3331906	34.507141	33.976505	34.507141	31.364429	27.34612	33.081535	30.548887	27.042716	21.909335	31.325799	15.511883	32.208822	18.611297
3398544	34.322833	33.490451	34.322833	31.218541	27.37935	32.878742	29.951036	26.907864	21.889091	31.197621	15.593943	31.624365	18.70487
3466514	33.925895	33.346294	33.925895	30.549779	26.836212	32.62233	30.082389	26.83455	21.870889	31.091206	15.628163	31.826239	18.529284
3535844	33.396086	33.314276	33.396086	29.880203	26.29545	29.65914	28.318242	26.537805	21.813002	31.195687	15.623206	32.199654	18.516344
3606560	34.546587	33.871092	34.546587	30.874381	27.329671	32.96733	30.456438	27.046428	21.85688	31.152534	15.635489	31.912789	18.518922
3678691	33.722233	33.268139	33.722233	30.8031	27.065318	32.611642	29.80483	26.925066	21.816069	31.19015	15.471311	31.590305	18.732895
3752264	33.371849	32.967808	33.371849	30.405355	27.108208	32.105757	29.594088	26.773964	21.774219	30.603496	15.279877	31.185964	18.444263
3827309	32.725469	32.670716	32.725469	30.191206	26.939411	31.504375	29.419566	26.540935	21.59759	30.448448	14.600805	29.669982	18.513922
3903855	32.823157	29.388089	32.823157	30.66802	27.386249	32.29743	30.100274	27.002096	21.958292	31.250841	15.53464	31.416322	18.728645
3981932	33.44138	32.943106	33.44138	30.730949	27.245142	32.143461	30.134191	26.990294	21.961283	30.926907	15.399822	31.557053	18.346028
4061570	33.211795	32.717657	33.211795	30.580657	27.282296	31.928072	29.856143	26.906546	21.93404	31.018795	15.460044	31.455778	18.637125
4142801	32.663174	32.22816	32.663174	30.095973	27.211767	31.593565	29.399082	26.67251	21.769499	30.563801	15.26259	31.065959	18.514484
4225657	31.823301	31.635326	31.823301	29.63377	26.890349	31.688942	29.364621	26.625692	21.65105	30.56312	15.249794	31.144747	18.526108
4310170	32.805398	32.143379	32.805398	29.914286	27.076313	31.598097	29.315699	26.555172	21.625675	30.738625	15.289441	31.202366	18.41174
4396373	32.404663	32.11352	32.404663	29.478952	26.830384	31.313867	29.007284	26.633063	21.673238	30.593467	15.220052	30.646142	18.2607
4484300	29.919269	29.644541	29.919269	28.338062	26.064844	29.460109	28.008844	25.96704	21.513831	29.175477	14.699587	30.006156	18.471849
4573986	29.609687	29.431357	29.609687	28.063674	26.083406	29.068311	27.492523	25.791166	21.467461	28.869795	14.552977	29.375408	18.288994
4665465	29.072665	29.00092	29.072665	27.877822	25.65839	28.984524	27.511882	25.716093	21.36515	28.904973	14.546258	29.885179	18.248995
4758774	29.598599	29.598599	29.596758	27.929208	25.497075	28.987927	27.098691	25.256338	21.043859	28.659026	14.405467	29.25272	18.275985
4853949	29.005121	29.005121	28.98503	27.567352	25.364211	28.57096	27.22212	25.295477	21.100732	28.144382	14.269522	28.916823	18.128661
4951027	28.280432	28.280432	27.874736	26.660566	24.800768	28.144908	26.775479	24.779791	20.759023	28.017809	13.920518	28.66372	18.034163
5050047	27.843433	27.796996	27.843433	26.583392	24.677591	27.561697	26.270448	24.615404	20.616139	27.527743	13.639633	27.872478	17.856488
5151047	27.313324	27.313324	27.244703	26.123577	24.087647	27.002763	26.006063	24.221414	20.400913	26.957541	13.484557	27.196801	17.67077
5254067	26.296105	26.296105	26.255763	25.309096	23.733787	25.986433	25.151833	23.706372	20.15686	26.136386	13.130572	26.564	17.671124
5359148	25.683638	25.540306	25.683638	24.769588	22.8212	25.548099	24.719431	23.110435	19.895266	25.567844	12.820407	26.175383	17.204493
5466330	25.583168	25.327838	25.583168	24.427687	22.758926	25.198357	24.077037	22.947814	19.711556	25.20161	12.537857	25.394671	17.31188
5575656	24.746928	24.686992	24.746928	23.679341	22.201209	24.638556	23.704307	22.317085	19.283052	24.190551	12.169723	24.818417	16.865263
5687169	23.880316	23.812026	23.880316	23.005044	21.672423	23.784142	23.134184	21.895117	18.83861	23.735602	11.910526	24.025283	16.687605
5800912	23.846845	23.476349	23.846845	22.629581	21.105738	23.219065	22.559967	21.382303	18.665774	23.51594	11.70759	23.765464	16.379631
5916930	22.855526	22.694751	22.855526	21.915124	21.162806	22.706334	22.107959	20.996242	18.36421	22.6013	11.352187	23.227421	16.421821
6035268	22.659758	22.364275	22.381194	21.635275	20.542376	22.659758	21.541219	20.660872	18.122078	22.267157	11.191199	22.877415	16.277001
6155973	21.985461	21.89273	21.985461	21.12732	19.842935	21.962009	21.134356	20.108096	17.646476	21.677183	10.844071	22.192884	16.057608
6279092	21.69161	21.547351	21.428227	20.472541	19.576525	21.69161	20.552282	19.924011	17.299251	21.161104	10.729346	21.842447	15.491805
6404673	20.938584	20.852686	20.938584	20.038963	18.835667	20.542151	19.892389	19.2451	17.14625	20.680516	10.211369	21.088259	15.364013
6532766	20.635696	20.346099	20.635696	19.552155	18.916363	20.19321	19.727454	18.927653	16.852445	20.406604	10.220766	21.038962	15.119694
6663421	20.25516	20.105912	20.25516	19.387994	18.604489	19.7526	19.496172	18.740954	16.646484	19.730783	9.94879	20.302124	14.832125
6796689	19.738308	19.738308	19.677505	18.69189	17.972338	19.523422	19.161202	18.329501	16.052681	19.574759	9.7190387	19.724274	14.449204
6932622	19.360918	19.085041	19.360918	18.71446	17.833295	19.174301	18.617613	17.985835	16.033929	19.10787	9.5731837	19.781662	14.130905
7071274	19.165214	18.888362	18.908616	18.293155	17.663215	19.165214	18.360841	17.716053	15.857114	18.641877	9.4018521	19.633647	14.449307
7212699	18.757181	18.534496	18.757181	17.985121	17.105932	18.374805	18.357548	17.600406	15.506912	18.540975	9.2791821	18.97185	14.151454
7356952	18.479372	18.479372	18.325264	17.689148	16.805634	18.128341	17.651164	17.105849	14.904261	18.247133	8.9900592	18.655138	13.78251
7504091	17.997839	17.930537	17.997839	17.165155	16.285662	17.93971	17.550761	16.971131	15.217607	18.018323	8.9616174	18.333694	13.567086
7654172	17.538144	17.261442	17.466585	16.834714	16.298303	17.538144	17.060072	16.56188	14.728342	17.427294	8.688119	18.157038	13.766224
7807255	17.488705	17.199173	17.488705	16.58831	15.8981	17.353003	16.770284	16.157833	14.298766	17.065374	8.517309	17.618112	13.296481
7963400	17.016939	17.016939	16.865143	16.35924	15.111963	16.907575	16.413527	15.823944	14.186234	16.592422	8.2598544	17.209083	13.034113
8122668	16.836813	16.314837	16.836813	15.880994	15.115962	16.278968	15.792133	15.484785	13.957865	16.240691	8.2178222	16.727007	12.766031
8285121	16.452443	15.996264	16.452443	15.44985	14.882185	16.276132	15.607361	15.255858	13.959342	16.082711	8.0239728	16.25343	12.429894
8450823	15.974759	15.810559	15.974759	15.138658	14.408807	15.728665	15.210456	14.763274	13.406153	15.61806	7.8453211	16.109171	12.300444
8619839	15.583777	15.5095	15.583777	14.964764	14.319835	15.483758	14.983832	14.547318	13.480842	15.244373	7.7265633	15.638485	12.11361
8792235	15.61124	15.181825	15.097491	14.618689	13.866894	15.61124	14.816634	14.005281	12.974156	15.079546	7.5860068	15.618756	11.931543
8968079	15.101717	15.070122	15.028705	14.334294	13.924918	15.101717	14.499208	13.89396	12.884486	14.526592	7.2569838	15.468819	11.694606
9147440	14.853526	14.853526	14.548288	13.547408	13.130064	14.105819	14.174188	13.859506	12.765592	14.676717	7.426353	15.125036	11.754946
9330388	14.72992	14.72992	14.664334	13.920073	13.163046	14.718465	14.318844	13.690737	12.545447	14.400236	7.2291771	14.900489	11.57322
9516995	14.481786	14.420694	14.481786	13.657537	13.111229	14.432504	14.063042	13.521666	12.444941	14.5358	7.1611543	14.7551	11.331388
9707334	14.15829	14.075862	14.15829	13.551559	12.801578	14.125573	13.763528	13.423234	12.185331	13.975209	7.0496765	14.719121	11.429927
9901480	14.176321	13.940641	14.176321	13.337195	13.027783	13.983107	13.686266	13.435026	12.277677	14.034042	6.9041767	14.333581	11.105867
