0 	 best_hh	Halftime16v4	Halftime24v4	Halftime32v4	Halftime40v4	HalftimeHash16v3	HalftimeHash24v3	Halftime32v3	Halftime40v3	 clhash 	 clhash128 	 UMASH 	 umash128
1	0.058823529	0.05	0.043478261	0.043478261	0.04	0.058823529	0.055555556	0.055555556	0.05	0.071428571	0.034482759	0.25	0.25
2	0.11764706	0.1	0.086956522	0.086956522	0.08	0.11764706	0.11111111	0.11111111	0.1	0.14285714	0.068965517	0.5	0.5
3	0.17647059	0.15	0.13043478	0.13043478	0.12	0.17647059	0.16666667	0.16666667	0.15	0.21428571	0.10344828	0.75	0.75
4	0.23529412	0.2	0.18181818	0.17391304	0.16	0.23529412	0.22222222	0.22222222	0.2	0.28571429	0.13793103	1.3333333	1
5	0.29411765	0.23809524	0.2173913	0.2173913	0.19230769	0.29411765	0.27777778	0.27777778	0.25	0.35714286	0.17241379	1.6666667	1.25
6	0.35294118	0.28571429	0.26086957	0.26086957	0.23076923	0.35294118	0.33333333	0.33333333	0.3	0.42857143	0.20689655	2	1.5
7	0.41176471	0.33333333	0.30434783	0.30434783	0.26923077	0.41176471	0.38888889	0.38888889	0.35	0.5	0.24137931	2.3333333	1.75
8	0.47058824	0.4	0.36363636	0.36363636	0.32	0.47058824	0.44444444	0.44444444	0.4	1.3333333	0.61538462	2.6666667	2
9	0.52941176	0.45	0.39130435	0.39130435	0.36	0.52941176	0.5	0.5	0.45	0.6	0.31034483	1.8	1
10	0.58823529	0.5	0.43478261	0.43478261	0.4	0.58823529	0.55555556	0.55555556	0.5	0.66666667	0.33333333	2	1.1111111
11	0.64705882	0.55	0.47826087	0.47826087	0.44	0.64705882	0.61111111	0.61111111	0.55	0.73333333	0.36666667	2.2	1.2222222
12	0.70588235	0.6	0.54545455	0.54545455	0.48	0.70588235	0.66666667	0.66666667	0.6	0.8	0.4	2.4	1.3333333
13	0.76470588	0.65	0.56521739	0.56521739	0.52	0.76470588	0.72222222	0.72222222	0.65	0.86666667	0.43333333	2.6	1.4444444
14	0.82352941	0.7	0.60869565	0.60869565	0.56	0.82352941	0.77777778	0.77777778	0.7	0.93333333	0.46666667	2.8	1.5555556
15	0.88235294	0.75	0.65217391	0.65217391	0.6	0.88235294	0.83333333	0.83333333	0.75	1	0.5	3	1.6666667
16	0.94117647	0.8	0.72727273	0.69565217	0.64	0.94117647	0.88888889	0.88888889	0.8	3.2	1.4545455	3.2	1.7777778
17	1	0.85	0.73913043	0.73913043	0.68	1	0.94444444	0.94444444	0.85	1.2142857	0.56666667	2.125	1.4166667
18	1.0588235	0.9	0.7826087	0.7826087	0.72	1.0588235	1	1	0.9	1.2	0.62068966	2.25	1.5
19	1.1176471	0.95	0.82608696	0.82608696	0.76	1.1176471	1.0555556	1.0555556	0.95	1.2666667	0.65517241	2.375	1.5833333
20	1.1764706	1	0.90909091	0.86956522	0.8	1.1764706	1.1111111	1.1111111	1	1.3333333	0.68965517	2.5	1.6666667
21	1.2352941	1.05	0.91304348	0.91304348	0.84	1.2352941	1.1666667	1.1666667	1.05	1.4	0.72413793	2.625	1.75
22	1.2941176	1.1	0.95652174	0.95652174	0.88	1.2941176	1.2222222	1.2222222	1.1	1.4666667	0.75862069	2.75	1.8333333
23	1.3529412	1.15	1	1	0.92	1.3529412	1.2777778	1.2777778	1.15	1.5333333	0.79310345	2.875	1.9166667
24	1.4117647	1.2	1.0909091	1.0434783	0.96	1.4117647	1.3333333	1.3333333	1.2	4	1.8461538	3	2
25	1.4705882	1.25	1.0869565	1.0869565	1	1.4705882	1.3888889	1.3888889	1.25	1.6666667	0.83333333	3.125	2.0833333
26	1.5294118	1.3	1.1304348	1.1304348	1.04	1.5294118	1.4444444	1.4444444	1.3	1.8571429	0.89655172	3.25	2.1666667
27	1.5882353	1.35	1.173913	1.173913	1.08	1.5882353	1.5	1.5	1.35	1.9285714	0.93103448	3.375	2.25
28	1.6470588	1.4	1.2727273	1.2727273	1.12	1.6470588	1.5555556	1.5555556	1.4	1.8666667	0.93333333	3.5	2.3333333
29	1.7058824	1.45	1.2608696	1.2608696	1.16	1.7058824	1.6111111	1.6111111	1.45	1.9333333	1	3.625	2.4166667
30	1.7647059	1.5	1.3043478	1.3043478	1.2	1.7647059	1.6666667	1.6666667	1.5	2	1.0344828	3.75	2.5
31	1.8235294	1.55	1.3478261	1.3478261	1.24	1.8235294	1.7222222	1.7222222	1.55	2.0666667	1.0689655	3.875	2.5833333
32	4.5714286	3.2	2.9090909	2.6666667	2.1333333	4.5714286	4	3.5555556	3.2	5.3333333	2.4615385	4	2.6666667
33	1.9411765	1.5714286	1.375	1.375	1.2222222	1.9411765	1.9411765	1.8333333	1.7368421	2.3571429	1.1785714	4.125	2.5384615
34	2	1.6190476	1.4166667	1.4166667	1.2592593	2	2	1.8888889	1.7894737	2.4285714	1.2142857	4.25	2.6153846
35	2.0588235	1.6666667	1.4583333	1.4583333	1.2962963	2.0588235	2.0588235	1.9444444	1.9444444	2.5	1.25	4.375	2.6923077
36	2.1176471	1.8	1.6363636	1.6363636	1.44	2.1176471	2.1176471	2	1.8947368	2.5714286	1.2857143	4.5	2.7692308
37	2.1764706	1.7619048	1.5416667	1.5416667	1.3703704	2.1764706	2.1764706	2.0555556	1.9473684	2.6428571	1.3214286	4.625	2.8461538
38	2.2352941	1.8095238	1.5833333	1.5833333	1.4074074	2.2352941	2.2352941	2.1111111	2	2.7142857	1.3571429	4.75	2.9230769
39	2.2941176	1.8571429	1.625	1.625	1.4444444	2.2941176	2.2941176	2.1666667	2.0526316	2.7857143	1.3928571	4.875	3
40	2.3529412	2	1.8181818	1.8181818	1.6	2.3529412	2.3529412	2.2222222	2.2222222	5.7142857	2.6666667	5	3.0769231
41	2.4117647	1.952381	1.7083333	1.7083333	1.5185185	2.4117647	2.4117647	2.2777778	2.2777778	2.9285714	1.4137931	5.125	3.1538462
42	2.4705882	2	1.75	1.75	1.5555556	2.4705882	2.4705882	2.3333333	2.3333333	3	1.4482759	5.25	3.2307692
43	2.5294118	2.047619	1.7916667	1.7916667	1.5925926	2.5294118	2.5294118	2.3888889	2.3888889	3.0714286	1.4827586	5.375	3.3076923
44	2.5882353	2.2	2	2	1.76	2.5882353	2.5882353	2.4444444	2.4444444	2.9333333	1.5172414	5.5	3.3846154
45	2.6470588	2.1428571	1.875	1.875	1.6666667	2.6470588	2.6470588	2.5	2.5	3	1.5517241	5.625	3.4615385
46	2.7058824	2.1904762	1.9166667	1.9166667	1.7037037	2.7058824	2.7058824	2.5555556	2.5555556	3.0666667	1.5862069	5.75	3.5384615
47	2.7647059	2.2380952	1.9583333	1.9583333	1.7407407	2.7647059	2.7647059	2.6111111	2.6111111	3.3571429	1.6206897	5.875	3.6153846
48	2.8235294	2.4	2.1818182	2.1818182	1.92	2.8235294	2.8235294	2.6666667	2.5263158	8	3.4285714	6	3.6923077
49	2.8823529	2.2272727	2.0416667	2.0416667	1.8148148	2.8823529	2.8823529	2.7222222	2.5789474	3.5	1.75	5.4444444	3.5
50	2.9411765	2.2727273	2.0833333	2.0833333	1.8518519	2.9411765	2.9411765	2.7777778	2.6315789	3.5714286	1.7857143	5.5555556	3.5714286
51	3	2.3181818	2.125	2.125	1.8888889	3	3	2.8333333	2.6842105	3.6428571	1.8214286	5.6666667	3.9230769
52	3.0588235	2.6	2.3636364	2.3636364	2.08	3.0588235	3.0588235	2.8888889	2.7368421	3.7142857	1.8571429	5.7777778	4
53	3.1176471	2.4090909	2.2083333	2.3043478	1.962963	3.1176471	3.1176471	2.9444444	2.7894737	3.7857143	1.8928571	5.8888889	4.0769231
54	3.1764706	2.5714286	2.25	2.25	2	3.1764706	3.1764706	3	2.8421053	3.8571429	1.9285714	6	4.1538462
55	3.2352941	2.6190476	2.2916667	2.2916667	2.037037	3.2352941	3.2352941	3.0555556	2.8947368	3.9285714	1.9642857	6.1111111	4.2307692
56	3.2941176	2.8	2.5454545	2.5454545	2.24	3.2941176	3.2941176	3.1111111	2.9473684	8	3.7333333	6.2222222	4.3076923
57	3.3529412	2.7142857	2.375	2.375	2.1111111	3.3529412	3.3529412	3.1666667	3	4.0714286	1.9655172	6.3333333	4.3846154
58	3.4117647	2.6363636	2.4166667	2.4166667	2.1481481	3.4117647	3.4117647	3.2222222	3.0526316	4.1428571	2	6.4444444	4.1428571
59	3.4705882	2.8095238	2.4583333	2.4583333	2.1851852	3.4705882	3.4705882	3.2777778	3.1052632	4.2142857	2.0344828	6.5555556	4.5384615
60	3.5294118	3	2.7272727	2.7272727	2.4	3.5294118	3.5294118	3.3333333	3.1578947	4.2857143	2.0689655	6.6666667	4.2857143
61	3.5882353	2.9047619	2.6521739	2.5416667	2.44	3.5882353	3.5882353	3.3888889	3.2105263	4.3571429	2.1034483	6.7777778	4.3571429
62	3.6470588	2.952381	2.6956522	2.5833333	2.48	3.6470588	3.6470588	3.4444444	3.2631579	4.4285714	2.137931	6.8888889	4.4285714
63	3.7058824	3	2.7391304	2.625	2.4230769	3.7058824	3.7058824	3.5	3.3157895	4.5	2.1724138	7	4.8461538
64	8	5.8181818	4.9230769	4.2666667	3.5555556	8	6.4	5.8181818	5.3333333	8	3.7647059	7.1111111	4.9230769
65	3.8235294	3.25	3.0952381	2.826087	2.5	3.8235294	3.8235294	3.6111111	3.4210526	4.6428571	2.3214286	6.5	4.6428571
66	3.8823529	3.3	3.1428571	2.8695652	2.64	3.8823529	3.8823529	3.6666667	3.3	4.7142857	2.3571429	6.6	4.7142857
67	3.9411765	3.35	3.1904762	2.9130435	2.5769231	3.9411765	3.9411765	3.7222222	3.35	4.7857143	2.3928571	6.7	4.7857143
68	4	3.4	3.2380952	3.0909091	2.72	4	4	3.7777778	3.7777778	4.8571429	2.4285714	6.8	4.8571429
69	4.0588235	3.45	3.2857143	3	2.76	4.0588235	4.0588235	3.8333333	3.6315789	4.9285714	2.4642857	6.9	4.9285714
70	4.1176471	3.5	3.3333333	3.0434783	2.8	4.1176471	4.1176471	3.6842105	3.6842105	5	2.5	7	5
71	4.1764706	3.55	3.3809524	3.0869565	2.84	4.1764706	4.1764706	3.9444444	3.7368421	5.0714286	2.5357143	7.1	5.0714286
72	4.2352941	3.6	3.4285714	3.1304348	2.88	4.2352941	4.2352941	4	4	8	4	7.2	5.1428571
73	4.2941176	3.65	3.4761905	3.173913	2.8076923	4.2941176	4.2941176	4.0555556	3.8421053	5.2142857	2.5172414	7.3	5.2142857
74	4.3529412	3.7	3.5238095	3.2173913	2.8461538	4.3529412	4.3529412	4.1111111	3.8947368	5.2857143	2.5517241	7.4	5.2857143
75	4.4117647	3.75	3.5714286	3.125	2.8846154	4.4117647	4.4117647	4.1666667	3.9473684	5.3571429	2.5862069	7.5	5.3571429
76	4.4705882	3.8	3.6190476	3.4545455	3.04	4.4705882	4.4705882	4.2222222	4.2222222	5.4285714	2.6206897	7.6	5.4285714
77	4.5294118	3.85	3.6666667	3.3478261	2.9615385	4.5294118	4.5294118	4.2777778	4.0526316	5.5	2.6551724	7.7	5.5
78	4.5882353	3.9	3.7142857	3.3913043	3	4.5882353	4.5882353	4.3333333	4.1052632	5.5714286	2.6896552	7.8	5.5714286
79	4.6470588	3.95	3.7619048	3.4347826	3.0384615	4.6470588	4.6470588	4.3888889	4.1578947	5.6428571	2.7241379	7.9	5.6428571
80	4.7058824	4	3.8095238	3.4782609	3.2	4.7058824	4.7058824	4.2105263	4.4444444	10	4.7058824	8	5.7142857
81	4.7647059	4.05	3.8571429	3.5217391	3.24	4.7647059	4.7647059	4.2631579	4.05	5.7857143	2.8928571	7.3636364	5.4
82	4.8235294	4.1	3.9047619	3.5652174	3.28	4.8235294	4.8235294	4.3157895	4.1	5.8571429	2.9285714	7.4545455	5.4666667
83	4.8823529	4.15	3.952381	3.6086957	3.32	4.8823529	4.8823529	4.3684211	4.15	5.9285714	2.9642857	7.5454545	5.5333333
84	4.9411765	4.2	4	3.6521739	3.36	4.9411765	4.9411765	4.4210526	4.6666667	6	3	7.6363636	5.6
85	5	4.25	4.047619	3.6956522	3.4	5	5	4.4736842	4.25	6.0714286	3.0357143	7.7272727	5.6666667
86	5.0588235	4.3	4.0952381	3.7391304	3.5833333	5.0588235	5.0588235	4.5263158	4.3	6.1428571	3.0714286	7.8181818	5.7333333
87	5.1176471	4.35	4.1428571	3.7826087	3.48	5.1176471	5.1176471	4.5789474	4.35	6.2142857	3.1071429	7.9090909	5.8
88	5.1764706	4.4	4.1904762	3.826087	3.52	5.1764706	5.1764706	4.6315789	4.8888889	9.7777778	4.8888889	8	5.8666667
89	5.2352941	4.45	4.2380952	3.8695652	3.56	5.2352941	5.2352941	4.6842105	4.45	6.3571429	3.0689655	8.0909091	5.9333333
90	5.2941176	4.5	4.2857143	3.9130435	3.6	5.2941176	5.2941176	4.7368421	4.7368421	6.4285714	3.1034483	8.1818182	6
91	5.3529412	4.55	4.3333333	3.9565217	3.64	5.3529412	5.3529412	4.7894737	4.55	6.5	3.137931	8.2727273	6.0666667
92	5.4117647	4.6	4.3809524	4	3.68	5.4117647	5.4117647	4.8421053	5.1111111	6.1333333	3.1724138	8.3636364	6.1333333
93	5.4705882	4.65	4.4285714	4.0434783	3.72	5.4705882	5.4705882	4.8947368	4.65	6.2	3.2068966	8.4545455	6.2
94	5.5294118	4.7	4.4761905	4.0869565	3.9166667	5.5294118	5.5294118	4.9473684	4.7	6.2666667	3.2413793	8.5454545	6.2666667
95	5.5882353	4.75	4.5238095	4.1304348	3.8	5.5882353	5.5882353	5	4.75	6.3333333	3.2758621	8.6363636	6.3333333
96	10.666667	8.7272727	7.3846154	6.4	5.3333333	10.666667	8.7272727	8	6.8571429	9.6	4.8	8.7272727	6.4
97	5.7058824	4.4090909	4.2173913	4.2173913	3.5925926	5.7058824	5.3888889	5.1052632	4.6190476	6.9285714	3.4642857	7.4615385	6.0625
98	5.7647059	4.4545455	4.2608696	4.2608696	3.6296296	5.7647059	5.4444444	5.1578947	4.6666667	7	3.3793103	7.5384615	6.125
99	5.8235294	4.5	4.3043478	4.3043478	3.8076923	5.8235294	5.5	5.2105263	4.7142857	7.0714286	3.4137931	7.6153846	6.1875
100	5.8823529	5	4.7619048	4.3478261	4	5.8823529	5.5555556	5.2631579	4.7619048	7.1428571	3.4482759	7.6923077	6.25
102	6	4.6363636	4.4347826	4.4347826	3.9230769	6	5.6666667	5.3684211	4.8571429	7.2857143	3.5172414	7.8461538	6.375
104	6.1176471	5.2	4.952381	4.5217391	4.16	6.1176471	5.7777778	5.4736842	4.952381	10.4	4.7272727	8	6.5
106	6.2352941	4.8181818	4.6086957	4.6086957	3.9259259	6.2352941	5.8888889	5.5789474	5.047619	7.0666667	3.6551724	8.1538462	6.625
108	6.3529412	5.4	5.1428571	4.6956522	4.32	6.3529412	6	5.6842105	5.1428571	7.2	3.6	8.3076923	6.75
110	6.4705882	5	4.7826087	4.7826087	4.0740741	6.4705882	6.1111111	5.7894737	5.2380952	7.3333333	3.6666667	8.4615385	6.875
112	6.5882353	5.6	5.3333333	4.8695652	4.48	6.5882353	6.2222222	5.8947368	5.3333333	11.2	5.6	8.6153846	7
114	6.7058824	5.1818182	5.1818182	4.75	4.3846154	6.7058824	6.3333333	6	5.4285714	8.1428571	3.9310345	8.1428571	6.7058824
116	6.8235294	5.8	5.5238095	5.0434783	4.64	6.8235294	6.4444444	6.1052632	5.5238095	8.2857143	4	8.2857143	6.8235294
118	6.9411765	5.3636364	5.3636364	4.9166667	4.5384615	6.9411765	6.5555556	6.2105263	5.6190476	8.4285714	4.0689655	8.4285714	6.9411765
120	7.0588235	6	5.7142857	5.2173913	4.8	7.0588235	6.6666667	6.3157895	5.7142857	12	5.4545455	8.5714286	7.0588235
122	7.1764706	5.8095238	5.3043478	5.0833333	4.6923077	7.1764706	6.7777778	6.4210526	5.8095238	8.1333333	4.2068966	8.7142857	7.1764706
124	7.2941176	6.2	5.9047619	5.3913043	4.96	7.2941176	6.8888889	6.5263158	5.9047619	8.2666667	4.2758621	8.8571429	7.2941176
126	7.4117647	6	5.7272727	5.25	4.8461538	7.4117647	7	6.6315789	6	8.4	4.3448276	9	7.4117647
128	12.8	10.666667	8.5333333	7.1111111	6.0952381	12.8	10.666667	9.1428571	8	11.636364	5.5652174	9.1428571	7.5294118
130	7.6470588	6.1904762	5.9090909	5.2	4.6428571	7.6470588	6.8421053	6.5	5.9090909	9.2857143	4.4827586	8.6666667	7.2222222
132	7.7647059	6.2857143	6	5.28	4.8888889	7.7647059	6.9473684	6.6	6.2857143	9.4285714	4.5517241	8.8	6.9473684
134	7.8823529	6.3809524	6.0909091	5.36	4.7857143	7.8823529	7.0526316	6.7	6.3809524	9.5714286	4.6206897	8.9333333	7.4444444
136	8	6.4761905	6.1818182	5.6666667	5.037037	8	7.1578947	6.8	6.4761905	11.333333	5.44	9.0666667	7.5555556
138	8.1176471	6.5714286	6.2727273	5.52	4.9285714	8.1176471	7.2631579	6.9	6.5714286	9.2	4.7586207	9.2	7.2631579
140	8.2352941	6.6666667	6.3636364	5.8333333	5.1851852	8.2352941	7.3684211	7	6.6666667	9.3333333	4.8275862	9.3333333	7.7777778
142	8.3529412	6.7619048	6.4545455	5.68	5.0714286	8.3529412	7.4736842	7.1	6.7619048	9.4666667	4.8965517	9.4666667	7.8888889
144	8.4705882	6.8571429	6.5454545	6	5.1428571	8.4705882	7.5789474	7.2	6.2608696	13.090909	6.2608696	9.6	8
146	8.5882353	6.952381	6.6363636	5.84	5.2142857	8.5882353	8.1111111	7.3	6.3478261	10.428571	5.2142857	9.125	7.3
148	8.7058824	7.047619	6.7272727	5.92	5.2857143	8.7058824	7.7894737	7.4	6.4347826	10.571429	5.2857143	9.25	7.4
150	8.8235294	7.1428571	6.8181818	6.25	5.1724138	8.8235294	8.3333333	7.5	6.5217391	10.714286	5.3571429	9.375	7.5
153	9	7.2857143	6.9545455	6.12	5.4642857	9	8.0526316	7.65	6.6521739	10.928571	5.2758621	9.5625	7.65
156	9.1764706	7.4285714	7.0909091	6.24	5.5714286	9.1764706	8.2105263	7.8	6.7826087	10.4	5.3793103	9.75	7.8
159	9.3529412	7.5714286	7.2272727	6.36	5.6785714	9.3529412	8.3684211	7.95	6.9130435	10.6	5.4827586	9.9375	7.95
162	9	7.3636364	7.0434783	6.48	5.5862069	9	8.5263158	7.7142857	6.75	10.8	5.4	9.5294118	7.7142857
165	9.1666667	7.5	7.173913	6.3461538	5.6896552	9.1666667	8.6842105	7.8571429	7.173913	11	5.5	9.7058824	7.8571429
168	9.3333333	8	7.6363636	6.72	6.2222222	9.3333333	8.8421053	8	7.3043478	12.923077	6	9.8823529	8
171	9.5	7.7727273	7.4347826	6.84	5.8965517	9.5	9	8.1428571	7.4347826	11.4	5.7	10.058824	8.1428571
174	9.6666667	7.9090909	7.5652174	6.6923077	6	9.6666667	9.1578947	8.2857143	7.5652174	11.6	5.8	10.235294	8.2857143
177	9.8333333	8.0454545	7.375	6.8076923	6.1034483	9.8333333	9.3157895	8.4285714	7.08	11.8	5.9	9.3157895	8.0454545
180	10	8.5714286	8.5714286	7.5	6.6666667	10	9.4736842	8.5714286	7.2	12	5.8064516	9.4736842	8.1818182
183	10.166667	8.3181818	7.9565217	7.0384615	6.3103448	10.166667	9.6315789	8.7142857	7.32	12.2	6.1	9.6315789	8.3181818
186	10.333333	8.4545455	7.75	7.1538462	6.4137931	10.333333	9.7894737	8.8571429	7.75	11.625	6	9.7894737	8.4545455
189	10.5	8.5909091	8.2173913	7.56	6.75	10.5	9.9473684	9	7.875	12.6	6.0967742	9.9473684	8.5909091
192	17.454545	13.714286	11.294118	9.1428571	8	17.454545	13.714286	11.294118	9.6	13.714286	6.4	10.105263	8.7272727
195	10.263158	8.8636364	8.4782609	7.2222222	6.2903226	10.263158	9.75	8.4782609	7.5	12.1875	5.9090909	9.75	8.4782609
198	10.421053	9	8.6086957	7.3333333	6.3870968	10.421053	9.9	8.6086957	7.6153846	12.375	6	9.9	8.6086957
201	11.166667	9.1363636	8.7391304	7.4444444	6.483871	11.166667	10.05	9.1363636	7.7307692	12.5625	6.0909091	10.05	8.7391304
205	11.388889	9.3181818	8.9130435	7.5925926	6.6129032	11.388889	10.25	8.9130435	7.8846154	12.8125	6.2121212	10.25	8.9130435
209	11.611111	9.5	8.7083333	7.7407407	6.7419355	11.611111	10.45	9.5	8.0384615	12.294118	6.1470588	9.952381	8.7083333
213	11.833333	9.6818182	8.875	8.1923077	6.8709677	11.833333	10.65	9.6818182	8.1923077	12.529412	6.2647059	10.142857	8.52
217	12.055556	9.8636364	9.0416667	8.037037	7	12.055556	10.85	9.8636364	8.68	12.764706	6.3823529	10.333333	8.68
221	12.277778	10.045455	9.2083333	8.1851852	7.1290323	12.277778	11.05	10.045455	8.5	13	6.5	10.52381	8.84
225	11.842105	10.227273	9	8.0357143	6.8181818	11.842105	10.714286	9	8.0357143	12.5	6.25	10.227273	8.6538462
229	12.052632	10.409091	9.16	8.1785714	6.9393939	12.052632	11.45	9.5416667	8.1785714	12.722222	6.3611111	10.409091	8.8076923
233	12.263158	10.590909	9.32	8.3214286	7.0606061	12.263158	11.095238	9.7083333	8.6296296	12.944444	6.4722222	10.590909	8.9615385
237	12.473684	10.772727	9.48	8.4642857	7.1818182	12.473684	11.285714	9.875	8.4642857	13.166667	6.5833333	10.772727	9.1153846
241	12.684211	10.954545	9.64	8.6071429	7.53125	12.684211	11.47619	10.041667	8.6071429	13.388889	6.5135135	10.478261	8.9259259
245	12.894737	10.652174	9.8	8.75	7.65625	12.894737	11.666667	10.208333	8.75	12.894737	6.6216216	10.652174	9.0740741
249	13.105263	10.826087	10.375	8.8928571	7.5454545	13.105263	11.857143	10.375	8.8928571	13.833333	6.7297297	10.826087	9.2222222
253	13.315789	11.5	10.541667	9.0357143	7.90625	13.315789	12.047619	10.541667	9.0357143	14.055556	6.8378378	11	9.3703704
258	13.578947	11.217391	10.32	8.6	7.3714286	13.578947	11.217391	9.9230769	9.2142857	12.9	6.45	12.285714	7.1666667
263	13.15	11.954545	10.52	8.7666667	7.3055556	13.15	11.954545	10.52	8.7666667	13.15	6.575	12.52381	7.3055556
268	13.4	12.181818	10.72	9.2413793	7.8823529	13.4	11.652174	10.72	9.2413793	13.4	6.7	12.761905	7.4444444
273	13.65	11.869565	10.92	9.4137931	7.8	13.65	12.409091	10.92	9.1	13.65	6.825	13	7.3783784
278	13.9	11.583333	10.692308	9.5862069	7.9428571	13.9	12.086957	11.12	9.2666667	13.9	6.7804878	13.238095	7.5135135
283	14.15	12.304348	11.32	9.4333333	8.0857143	14.15	12.304348	11.32	9.4333333	14.15	6.902439	13.47619	7.6486486
288	20.571429	19.2	15.157895	12.521739	9.9310345	20.571429	16	12.521739	10.666667	15.157895	7.3846154	13.714286	7.7837838
293	14.65	12.73913	10.851852	9.4516129	8.1388889	14.65	12.73913	10.851852	9.15625	13.952381	6.8139535	13.318182	7.9189189
298	14.9	12.956522	11.037037	9.6129032	8.0540541	14.9	12.416667	11.037037	9.3125	14.190476	6.9302326	13.545455	8.0540541
303	15.15	12.625	11.222222	9.7741935	8.1891892	15.15	12.625	11.222222	9.46875	14.428571	7.0465116	13.772727	8.1891892
309	15.45	13.434783	11.444444	9.9677419	8.5833333	15.45	13.434783	11.444444	9.65625	14.045455	7.1860465	13.434783	8.1315789
315	15.75	13.695652	11.666667	10.16129	8.75	15.75	13.695652	11.666667	9.84375	14.318182	7.1590909	13.695652	8.2894737
321	15.285714	13.956522	11.464286	9.1714286	8.2307692	15.285714	13.375	11.068966	9.7272727	13.956522	6.9782609	13.375	8.2307692
327	16.35	14.217391	12.111111	9.9090909	8.3846154	16.35	13.625	11.275862	9.9090909	14.217391	7.1086957	13.625	8.3846154
333	15.136364	14.478261	12.333333	9.7941176	8.5384615	15.136364	13.875	11.482759	9.7941176	14.478261	7.2391304	13.875	8.5384615
339	16.142857	14.73913	12.555556	9.9705882	8.6923077	16.142857	14.73913	11.689655	9.9705882	14.73913	7.212766	13.038462	8.475
345	16.428571	15	12.777778	10.147059	8.8461538	16.428571	14.375	11.896552	10.147059	15	7.3404255	13.269231	8.8461538
351	16.714286	15.26087	13	10.323529	9	16.714286	14.625	12.103448	10.323529	15.26087	7.4680851	13.5	8.775
358	17.047619	14.916667	12.344828	10.529412	8.95	17.047619	14.32	11.548387	9.6756757	14.32	7.16	13.259259	8.7317073
365	15.869565	15.208333	12.586207	10.428571	9.125	15.869565	14.6	11.774194	10.138889	14.6	7.3	13.518519	8.902439
372	16.173913	16.173913	13.285714	11.272727	9.7894737	16.173913	14.88	12.4	10.333333	14.88	7.44	13.285714	8.8571429
379	16.478261	15.791667	13.068966	11.147059	9.475	16.478261	15.16	12.225806	10.527778	15.16	7.4313725	13.535714	9.0238095
386	16.782609	16.083333	12.866667	10.722222	8.9767442	16.782609	14.296296	12.0625	10.157895	14.846154	7.2830189	13.310345	8.9767442
393	17.086957	16.375	13.1	10.342105	9.1395349	17.086957	15.115385	12.28125	10.342105	15.115385	7.5576923	13.551724	9.1395349
400	17.391304	16.666667	13.793103	10.810811	9.5238095	17.391304	15.384615	12.5	10.526316	16.666667	8.1632653	13.793103	9.3023256
408	17.73913	17	13.6	11.027027	9.4883721	17.73913	15.692308	12.75	10.736842	16.32	8	13.6	9.0666667
416	23.111111	23.111111	16.64	13.866667	11.243243	23.111111	18.086957	13.866667	11.885714	16	7.8490566	13.866667	9.4545455
424	17.666667	16.96	13.677419	11.777778	9.8604651	17.666667	15.142857	12.470588	10.6	16.307692	7.8518519	13.25	9.4222222
432	18.782609	18	13.935484	12	10.046512	18.782609	15.428571	12.705882	10.8	16.615385	8.3076923	13.5	9.6
440	20	17.6	14.666667	12.571429	10.232558	20	16.296296	12.941176	11	16.923077	8.1481481	13.333333	9.3617021
448	23.578947	22.4	16.592593	13.176471	11.2	23.578947	17.92	14.451613	12.108108	16.592593	8	13.575758	9.7391304
456	19	18.24	14.25	11.692308	9.9130435	19	16.285714	12.666667	10.857143	16.285714	8	13.411765	9.5
465	19.375	18.6	14.090909	11.625	9.893617	19.375	16.034483	13.285714	11.071429	15.5	7.75	13.285714	9.4897959
474	19.75	18.96	14.363636	11.560976	10.304348	19.75	16.928571	13.542857	11.285714	15.8	7.9	13.542857	9.6734694
483	20.125	17.888889	14.205882	11.780488	10.0625	20.125	16.1	13.054054	12.710526	15.580645	7.6666667	13.416667	9.66
492	20.5	19.68	14.909091	12.3	10.695652	20.5	16.4	13.297297	12.947368	15.870968	7.9354839	13.666667	9.6470588
501	20.875	19.269231	14.735294	12.219512	10.659574	20.875	16.7	13.540541	13.184211	16.16129	7.952381	13.184211	9.6346154
511	21.291667	19.653846	15.029412	12.463415	11.108696	21.291667	17.033333	13.810811	13.447368	16.483871	8.1111111	13.447368	9.8269231
521	19.296296	19.296296	14.885714	12.116279	10.215686	19.296296	16.806452	13.358974	13.358974	15.787879	8.0153846	16.28125	9.1403509
531	20.423077	20.423077	15.171429	12.348837	10.62	20.423077	17.129032	13.615385	13.615385	16.090909	8.0454545	16.090909	9.3157895
541	20.807692	20.807692	15.457143	12.581395	10.607843	20.807692	17.451613	13.525	13.871795	16.393939	8.1969697	16.393939	9.4912281
551	21.192308	19.678571	14.891892	12.522727	10.803922	21.192308	16.69697	13.775	13.439024	16.205882	8.1029412	16.205882	9.5
562	21.615385	20.071429	15.611111	12.772727	11.019608	21.615385	18.129032	14.05	13.707317	16.057143	8.0285714	16.057143	9.6896552
573	22.038462	20.464286	15.916667	13.022727	11.235294	22.038462	17.90625	13.97561	13.97561	16.371429	8.1857143	16.371429	9.8793103
584	20.857143	20.137931	15.783784	12.695652	10.814815	20.857143	17.69697	13.904762	13.272727	17.176471	8.3428571	16.222222	9.8983051
595	21.25	19.833333	16.081081	12.934783	11.018519	21.25	18.030303	14.166667	13.522727	16.527778	8.1506849	15.657895	9.9166667
606	21.642857	20.896552	15.947368	13.173913	11.018182	21.642857	18.363636	14.093023	13.772727	16.833333	8.3013699	15.947368	9.9344262
618	22.071429	19.935484	15.846154	13.434783	11.035714	22.071429	18.176471	14.045455	13.733333	16.702703	8.1315789	15.846154	9.9677419
630	21.724138	20.322581	16.153846	13.404255	11.666667	21.724138	18.529412	14.651163	14.318182	16.578947	8.2894737	15.75	10
642	22.137931	20.709677	16.05	13.102041	11.068966	22.137931	17.833333	13.659574	13.659574	16.461538	8.1265823	15.658537	10.03125
654	21.8	21.096774	16.35	13.914894	11.275862	21.8	18.166667	14.217391	14.217391	16.769231	8.278481	15.95122	10.21875
667	22.233333	21.516129	17.102564	13.612245	11.5	22.233333	17.552632	14.5	14.191489	17.102564	8.443038	15.511628	10.261538
680	22.666667	21.935484	17	14.468085	11.929825	22.666667	20.606061	19.428571	14.166667	17.435897	8.6075949	15.454545	10.30303
693	22.354839	21	16.902439	13.588235	11.745763	22.354839	21	19.25	14.744681	16.902439	8.4512195	15.4	10.191176
706	21.393939	21.393939	16.809524	13.320755	11.57377	19.081081	20.171429	19.081081	13.843137	16.418605	8.3058824	15.347826	10.231884
720	21.818182	21.818182	17.142857	14.117647	11.803279	19.459459	21.176471	18.947368	14.117647	18	8.8888889	15.652174	10.434783
734	22.242424	22.242424	17.47619	14.115385	11.83871	19.837838	21.588235	19.837838	14.68	17.47619	8.6352941	15.617021	10.485714
748	22.666667	22.666667	17.395349	14.384615	12.064516	19.684211	21.371429	19.179487	14.384615	17	8.5	15.265306	10.535211
762	22.411765	22.411765	17.72093	14.377358	12.095238	20.594595	21.166667	19.05	14.377358	17.318182	8.5617978	15.24	10.438356
777	22.2	22.2	17.659091	13.875	11.953846	20.447368	21	18.95122	14.127273	17.266667	8.5384615	17.266667	10.090909
792	23.294118	23.294118	18	14.4	12	20.842105	21.405405	19.317073	14.4	18	8.8988764	17.217391	10.153846
807	22.416667	22.416667	17.543478	14.410714	12.044776	20.692308	21.236842	18.767442	13.913793	17.170213	8.5851064	17.543478	10.21519
823	22.861111	22.861111	17.891304	14.696429	12.469697	21.102564	21.657895	19.139535	14.438596	17.145833	8.5729167	17.510638	10.417722
839	22.675676	22.675676	17.851064	14.220339	11.985714	20.975	20.975	19.068182	14.465517	17.122449	8.6494845	17.122449	10.4875
855	23.75	23.75	18.191489	14.741379	12.391304	21.923077	21.923077	19.431818	14.741379	17.44898	8.6363636	17.1	10.555556
872	23.567568	23.567568	18.553191	15.034483	12.637681	21.268293	21.268293	19.377778	14.064516	17.795918	8.8979592	17.098039	10.506024
889	24.027027	24.027027	18.520833	15.067797	12.7	22.225	22.225	19.326087	14.816667	17.431373	8.8019802	17.096154	10.583333
906	23.230769	23.230769	18.489796	15.1	12.583333	22.097561	21.571429	19.276596	14.380952	17.423077	8.7961165	17.09434	10.785714
924	24.315789	24.315789	18.857143	15.4	12.657534	22.536585	22	19.25	14.666667	17.769231	8.8	16.8	10.744186
942	24.153846	24.153846	18.470588	15.442623	12.72973	22.428571	21.906977	19.22449	14.492308	17.773585	8.8867925	16.821429	10.827586
960	27.428571	27.428571	20.869565	16.271186	13.521127	25.263158	22.325581	20	20.425532	18.113208	9.0566038	16.842105	10.786517
979	24.475	24.475	19.196078	15.061538	12.551282	22.767442	22.767442	19.196078	19.58	17.482143	8.8198198	16.316667	10.758242
998	24.341463	24.341463	18.830189	15.121212	12.961039	22.681818	21.234043	19.568627	19.192308	17.508772	8.754386	16.360656	10.847826
1017	24.804878	24.804878	19.557692	15.646154	13.038462	23.651163	22.108696	19.188679	19.188679	17.842105	8.9210526	16.403226	10.819149
1037	25.292683	25.292683	19.566038	15.477612	12.802469	23.568182	21.604167	19.566038	18.854545	18.854545	9.6018519	18.517857	10.581633
1057	24.581395	24.581395	18.875	15.544118	12.890244	23.488889	22.020833	18.875	18.54386	19.943396	9.9716981	18.224138	10.676768
1078	25.666667	25.666667	19.25	15.623188	12.987952	23.955556	22.458333	19.6	19.25	19.962963	10.074766	17.966667	10.78
1099	25.55814	25.55814	19.625	15.7	13.083333	24.422222	21.98	19.625	19.280702	20.351852	10.175926	18.016393	10.881188
1120	29.473684	29.473684	22.4	17.5	14.358974	26.666667	21.960784	19.649123	20.363636	21.132075	10.46729	18.064516	10.980392
1142	25.954545	25.954545	19.689655	15.861111	13.27907	24.297872	22.392157	19.355932	18.721311	20.392857	10.196429	17.84375	10.87619
1164	25.866667	25.866667	20.068966	15.945205	13.534884	24.25	21.962264	19.4	18.774194	20.421053	10.210526	17.636364	11.085714
1187	25.804348	25.804348	19.459016	15.826667	13.337079	24.22449	21.581818	19.145161	18.546875	20.465517	10.145299	17.455882	11.093458
1210	26.888889	26.888889	20.166667	15.921053	13.444444	24.693878	22.407407	19.206349	19.206349	20.508475	10.254237	17.536232	11.100917
1234	26.255319	26.255319	20.229508	16.236842	13.413043	24.68	22.851852	19.28125	18.69697	20.566667	10.198347	17.138889	11.117117
1258	26.765957	26.765957	19.968254	15.924051	13.526882	24.666667	22.464286	19.353846	18.5	20.290323	10.145161	17.232877	11.232143
1283	26.729167	26.729167	20.693548	16.0375	13.226804	25.156863	22.910714	19.149254	18.328571	20.365079	10.18254	18.594203	10.781513
1308	26.16	26.16	20.761905	16.556962	13.625	25.647059	22.551724	19.522388	18.956522	20.4375	10.21875	18.685714	10.991597
1334	27.22449	27.22449	20.523077	16.675	13.752577	25.169811	23.821429	19.333333	18.527778	20.523077	10.261538	18.527778	11.024793
1360	27.755102	27.755102	20.298507	16.585366	13.737374	25.185185	27.755102	25.660377	18.378378	21.25	10.461538	18.630137	11.239669
1387	27.74	27.74	20.101449	16.914634	13.87	25.685185	27.74	25.218182	18.493333	20.397059	10.198529	18.493333	11.185484
1414	27.72549	18.128205	19.915493	17.036145	13.728155	24.37931	27.72549	24.807018	18.128205	20.492754	10.172662	18.128205	11.222222
1442	27.730769	18.487179	20.309859	16.964706	13.603774	24.862069	27.730769	24.862069	22.184615	20.309859	10.083916	18.025	11.265625
1470	28.269231	18.607595	21	17.710843	14.134615	25.344828	28.269231	25.344828	22.615385	20.416667	10.208333	18.148148	11.221374
1499	28.283019	18.7375	20.534247	17.430233	13.87963	25.40678	28.283019	24.983333	22.373134	20.256757	10.128378	17.845238	11.356061
1528	28.296296	19.341772	21.222222	17.767442	14.415094	25.898305	28.296296	25.466667	22.144928	20.931507	10.465753	17.767442	11.318519
1558	28.327273	19.234568	21.054054	17.311111	13.787611	25.966667	28.327273	24.730159	22.257143	20.5	10.183007	19	11.208633
1589	27.877193	19.378049	20.907895	17.461538	14.1875	26.04918	27.877193	24.446154	22.069444	20.636364	10.185897	18.916667	11.269504
1620	27.931034	19.518072	21.315789	17.608696	13.965517	26.129032	27.931034	24.545455	21.891892	18.837209	10.188679	18.837209	11.328671
1652	28	20.146341	21.736842	18.153846	14.491228	26.645161	28	24.656716	21.736842	20.395062	10.134969	18.561798	11.315068
1685	27.622951	19.593023	21.329114	17.736842	14.159664	27.177419	27.622951	24.779412	21.329114	20.301205	10.150602	18.516484	11.385135
1718	27.709677	19.976744	21.746835	17.71134	14.436975	27.269841	27.709677	24.197183	21.475	20.452381	10.16568	18.473118	11.377483
1752	27.375	20.611765	21.62963	17.877551	14.360656	27.375	27.375	24.333333	21.108434	20.857143	10.428571	18.25	11.45098
1787	27.921875	20.54023	21.792683	17.87	14.41129	27.492308	27.921875	23.826667	21.023529	20.54023	10.153409	18.234694	11.455128
1822	27.606061	21.186047	21.690476	17.862745	14.693548	27.19403	27.606061	23.973684	21.435294	20.47191	10.178771	19.382979	11.3875
1858	27.323529	20.876404	21.356322	18.038835	14.075758	27.323529	27.323529	23.225	20.417582	20.195652	10.097826	19.154639	11.398773
1895	27.867647	21.292135	21.781609	17.71028	14.465649	27.867647	27.463768	23.109756	20.159574	20.376344	10.13369	18.95	11.484848
1932	27.6	21.954545	21.707865	18.056075	14.748092	27.6	27.6	24.15	24.15	20.336842	10.115183	18.941176	11.568862
1970	28.142857	21.413043	21.648352	18.073394	14.81203	28.142857	27.361111	23.176471	24.320988	20.309278	10.05102	18.584906	11.520468
2009	28.295775	21.836957	22.573034	18.263636	14.772059	28.295775	27.520548	23.635294	24.204819	20.292929	10.146465	18.601852	11.612717
2049	32.52381	21.797872	21.797872	17.973684	14.847826	28.068493	32.52381	28.458333	23.284091	21.34375	10.671875	19.514286	11.320442
2089	32.138462	21.536082	22.223404	18.008621	15.137681	28.616438	32.138462	29.422535	23.211111	21.536082	10.823834	19.523364	11.541436
2130	31.791045	22.421053	21.958763	18.362069	15	28.783784	31.791045	27.662338	23.152174	21.958763	10.979381	19.363636	11.513514
2172	31.941176	22.625	22.863158	18.724138	15.514286	29.351351	31.941176	28.96	23.354839	22.163265	11.025381	19.221239	11.614973
2215	32.101449	22.373737	22.373737	18.305785	14.966216	29.144737	32.101449	27.345679	22.602041	21.930693	10.965347	18.931624	11.657895
2259	31.816901	22.818182	22.59	18.825	15.161074	29.337662	31.816901	27.216867	22.59	21.932039	10.913043	18.825	11.64433
2304	32.450704	23.752577	23.510204	18.885246	15.889655	32.450704	32.450704	28.097561	23.04	22.368932	11.130435	18.731707	11.755102
2350	31.333333	22.815534	22.815534	18.359375	15.359477	30.519481	31.333333	27.325581	22.169811	21.962617	10.981308	19.747899	11.633663
2397	31.539474	23.271845	22.828571	18.438462	15.464516	30.341772	31.539474	27.551724	22.828571	21.990826	10.945205	19.487805	11.692683
2444	30.936709	23.728155	22.841121	18.8	15.180124	30.55	30.936709	26.27957	25.195876	21.821429	10.910714	19.396825	11.75
2492	31.15	24.194175	23.28972	19.022901	15.478261	30.390244	31.15	26.795699	24.92	21.859649	10.929825	19.169231	11.699531
2541	32.164557	23.971698	23.1	18.683824	15.4	30.614458	32.164557	26.46875	24.432692	21.717949	10.858974	18.962687	11.818605
2591	30.845238	24.214953	22.929204	18.775362	15.331361	30.845238	30.845238	26.71134	24.913462	21.773109	10.886555	19.930769	11.671171
2642	30.72093	24.238532	22.973913	18.605634	15.450292	30.72093	30.367816	25.901961	24.462963	21.655738	10.783673	19.57037	11.690265
2694	34.538462	24.715596	23.631579	19.106383	15.394286	30.965517	34.538462	29.933333	24.27027	21.552	10.819277	19.521739	11.764192
2747	35.217949	24.972727	23.886957	19.48227	15.697143	31.215909	35.217949	30.865169	24.096491	21.629921	10.772549	19.34507	11.7897
2801	34.580247	25.234234	23.737288	19.317241	15.39011	30.78022	34.580247	30.11828	23.341667	21.546154	10.731801	19.054422	11.768908
2857	34.421687	20.854015	23.808333	19.304054	15.527174	31.395604	34.421687	29.453608	23.040323	21.481203	10.781132	19.979021	11.757202
2914	33.883721	21.115942	23.691057	19.298013	15.751351	31.333333	33.883721	29.14	26.490909	21.585185	10.713235	19.689189	11.75
2972	34.16092	21.536232	24.162602	19.552632	15.893048	31.617021	34.16092	29.72	25.843478	21.536232	10.729242	19.552632	11.840637
3031	33.677778	21.496454	24.055556	19.429487	15.86911	31.905263	33.677778	29.427184	25.470588	19.554839	10.748227	19.305732	11.839844
3091	33.236559	21.921986	24.148438	19.440252	16.015544	31.865979	33.236559	29.721154	26.194915	21.921986	11.078853	19.941935	11.752852
3152	33.178947	22.041958	24.246154	19.57764	15.919192	32.494845	33.178947	28.142857	24.818898	23.176471	11.588235	19.949367	11.849624
3215	33.489583	22.326389	24.356061	19.603659	15.837438	32.15	33.489583	27.956522	24.730769	22.801418	11.400709	19.723926	11.907407
3279	32.79	22.458904	24.288889	19.753012	15.995122	31.834951	32.79	28.025641	24.288889	22.770833	11.346021	19.517857	11.923636
3344	33.108911	22.594595	24.231884	19.555556	16	32.153846	33.108911	28.581197	24.231884	22.90411	11.452055	20.144578	11.774648
3410	36.666667	22.733333	24.357143	19.825581	15.714286	32.47619	36.666667	31.574074	26.434109	22.582781	11.291391	19.94152	11.840278
3478	36.229167	22.881579	24.321678	19.649718	15.881279	32.811321	36.229167	31.333333	26.549618	21.602484	11.292208	19.761364	11.910959
3547	36.193878	23.183007	24.462069	19.705556	16.122727	33.462264	36.193878	30.843478	26.080882	22.449367	11.224684	19.596685	11.942761
3617	35.811881	23.038217	24.113333	19.657609	16.004425	32.881818	35.811881	30.652542	25.835714	22.32716	11.198142	20.094444	11.820261
3689	35.471154	23.647436	24.430464	19.62234	16.03913	33.234234	35.471154	30.237705	25.618056	22.357576	11.145015	19.940541	11.938511
3762	35.158879	23.810127	24.588235	19.59375	15.940678	33.589286	35.158879	30.096	25.248322	22.260355	11.130178	19.696335	11.905063
3837	35.201835	23.98125	24.754839	19.778351	16.054393	33.657895	35.201835	29.744186	25.078431	22.30814	11.121739	19.676923	11.953271
3913	34.9375	24.154321	24.923567	19.663317	16.236515	33.161017	34.9375	28.985185	27.173611	22.107345	11.053672	20.170103	11.929878
3991	34.405172	24.042169	25.100629	19.757426	16.223577	33.537815	34.405172	28.92029	26.606667	21.342246	11.055402	19.955	11.984985
4070	37.33945	24.371257	24.817073	20.049261	16.28	33.360656	37.33945	32.56	26.089744	22.119565	11.02981	19.757282	12.0059
4151	37.736364	24.56213	24.856287	20.24878	16.34252	34.02459	37.736364	32.178295	26.43949	22.933702	11.466851	20.24878	11.962536
4234	36.817391	21.937824	24.905882	20.355769	16.160305	34.145161	36.817391	31.597015	25.506024	23.136612	11.536785	20.066351	12.028409
4318	37.547826	22.257732	25.104651	20.367925	16.418251	34.269841	37.547826	31.75	25.4	23.090909	11.545455	19.898618	12.027855
4404	36.396694	22.35533	25.456647	20.388889	16.494382	33.876923	36.396694	31.234043	25.905882	23.057592	11.498695	20.294931	11.967391
4492	36.225806	22.686869	25.094972	20.143498	16.394161	34.030303	36.225806	30.557823	25.522727	22.918367	11.430025	20.143498	12.042895
4581	36.070866	22.566502	25.032787	20.180617	16.187279	34.186567	36.070866	30.138158	25.735955	22.791045	11.395522	19.831169	12.055263
4672	36.787402	23.243781	25.812155	20.672566	16.626335	36.217054	36.787402	30.337662	25.530055	22.901961	11.45098	20.401747	12.010283
4765	38.427419	23.019324	25.345745	20.363248	16.262799	34.280576	38.427419	33.090278	24.947644	22.690476	11.372315	20.105485	12.063291
4860	38.267717	23.365385	25.445026	20.420168	16.530612	34.225352	38.267717	33.287671	27	22.71028	11.35514	19.918033	12.059553
4957	37.839695	23.604762	25.290816	20.315574	16.523333	35.156028	37.839695	31.980645	26.367021	22.634703	11.291572	20.315574	12.031553
5056	38.015038	23.962085	25.664975	20.636735	16.797342	36.114286	38.015038	32.831169	26.471204	22.672646	11.336323	20.143426	12.095694
5157	36.574468	23.440909	25.156098	20.383399	16.528846	35.321918	36.574468	31.254545	26.045455	22.718062	11.334066	20.464286	12.020979
5260	37.304965	23.800905	25.533981	20.387597	16.540881	35.540541	37.304965	31.12426	25.533981	22.672414	11.336207	20.230769	12.091954
5365	36.496599	24.058296	25.42654	20.39924	16.609907	35.296053	36.496599	30.657143	27.233503	22.637131	11.318565	20.018657	12.083333
5472	39.652174	24.986301	26.307692	21.127413	16.888889	36.238411	39.652174	34.2	27.36	22.705394	11.305785	20.41791	12.106195
5581	39.302817	24.585903	25.600917	20.594096	16.560831	35.100629	39.302817	32.829412	26.961353	22.504032	11.229376	20.148014	12.132609
5692	38.201342	22.498024	25.872727	20.849817	16.594752	35.354037	38.201342	32.712644	26.474419	22.409449	11.226824	20.47482	12.084926
5805	38.190789	22.587549	25.685841	20.658363	16.777457	35.833333	38.190789	31.895604	27.77512	22.326923	11.184971	20.297203	12.144351
5921	37.474684	22.773077	25.743478	20.630662	16.725989	35.45509	37.474684	31.328042	27.03653	22.343396	11.129699	20.487889	12.059063
6039	37.277778	23.049618	25.807692	20.610922	16.636364	35.946429	37.277778	31.784211	26.959821	21.645161	11.142066	20.333333	12.126506
6159	38.254658	23.241509	25.6625	20.53	16.736413	35.80814	38.254658	32.587302	26.547414	22.895911	11.469274	20.598662	12.076471
6282	38.072727	23.266667	25.745902	20.529412	16.619048	35.491525	38.072727	31.727273	28.170404	22.843636	11.421818	20.330097	12.15087
6407	37.467836	23.642066	25.730924	20.535256	16.641558	34.632432	37.467836	31.406863	27.26383	22.882143	11.420677	20.601286	12.065913
6535	36.713483	23.677536	25.83004	20.68038	16.628499	34.946524	36.713483	30.971564	27.116183	22.770035	11.365217	20.358255	12.14684
6665	36.420765	24.061372	26.035156	20.76324	16.704261	35.452128	36.420765	31.438679	26.983806	22.74744	11.335034	20.634675	12.096189
6798	38.625	24.106383	25.946565	20.852761	16.785185	35.591623	38.625	33.323529	27.975309	22.66	11.33	20.414414	12.182796
6933	38.731844	24.411972	25.966292	21.009091	16.786925	35.553846	38.731844	33.331731	27.511905	22.009524	11.273171	20.5727	12.120629
7071	38.221622	22.663462	26.092251	21.107463	16.795724	35.893401	38.221622	31.995475	27.621094	22.591054	11.277512	20.436416	12.170396
7212	37.759162	22.968153	26.225455	20.965116	16.929577	35.527094	37.759162	32.053333	28.171875	23.115385	11.557692	20.664756	12.161889
7356	37.340102	23.132075	26.271429	21.077364	17.027778	35.708738	37.340102	31.302128	28.076336	23.132075	11.566038	20.433333	12.178808
7503	39.489474	23.229102	26.052083	20.958101	16.898649	35.728571	39.489474	33.346667	27.788889	23.086154	11.490046	20.612637	12.180195
7653	38.847716	23.332317	26.119454	21.024725	16.81978	35.929577	38.847716	32.565957	27.138298	22.913174	11.473763	20.353723	12.186306
7806	38.835821	23.583082	26.282828	20.871658	17.043668	36.138889	38.835821	32.798319	28.593407	22.891496	11.42899	20.542105	12.196875
7962	37.914286	23.767164	26.190789	21.007916	16.940426	36.190909	37.914286	31.975904	27.936842	22.748571	11.374286	20.680519	12.155725
8121	39.808824	23.955752	26.281553	21.148438	16.98954	36.093333	39.808824	34.557447	27.435811	22.747899	11.358042	20.455919	12.175412
8283	40.014493	24.361765	26.212025	21.130102	16.93865	36.488987	40.014493	33.132	27.795302	23.332394	11.633427	20.604478	12.198822
8448	39.661972	23.019074	26.649842	21.387342	17.101215	37.052632	39.661972	33.259843	27.881188	23.272727	11.636364	20.405797	12.22576
8616	38.636771	23.16129	26.592593	21.117647	17.027668	36.201681	38.636771	32.760456	26.841121	23.22372	11.61186	20.514286	12.221277
8788	40.127854	23.310345	26.311377	21.175904	16.456929	36.769874	40.127854	34.462745	27.810127	23.065617	11.532808	20.629108	12.188627
8963	41.114679	23.402089	26.361765	21.039906	16.415751	36.434959	41.114679	33.695489	27.578462	22.982051	11.446999	20.699769	12.161465
9142	39.405172	23.561856	26.270115	21.162037	16.501805	36.568	39.405172	33.00361	28.658307	22.461916	11.484925	20.54382	12.205607
9324	38.85	23.785714	26.564103	21.190909	16.473498	37	38.85	33.06383	28.340426	23.368421	11.655	20.674058	12.220183
9510	40.29661	23.894472	26.34349	21.227679	16.453287	36.718147	40.29661	34.456522	27.888563	23.251834	11.625917	20.718954	12.207959
9700	39.754098	24.189526	26.430518	21.365639	16.666667	36.882129	39.754098	34.15493	28.115942	23.205742	11.575179	20.5074	12.247475
9894	39.418327	23.062937	26.31383	21.141026	16.600671	37.195489	39.418327	33.201342	27.870423	23.116822	11.58548	20.569647	12.24505
10091	40.854251	23.144495	26.41623	21.110879	16.597039	37.099265	40.854251	33.976431	29.080692	23.091533	11.545767	20.678279	12.246359
10292	40.679842	23.497717	26.594315	21.397089	16.573269	37.021583	40.679842	33.966997	28.120219	23.444191	11.762286	20.75	12.223278
10497	39.912548	23.588764	26.440806	21.248988	16.530709	37.091873	39.912548	33.536741	27.992	23.430804	11.68931	20.786139	12.191638
10706	39.799257	23.897321	26.434568	21.242063	16.728125	37.303136	39.799257	33.145511	28.397878	23.375546	11.675027	20.548944	12.249428
10920	40.746269	24	26.699267	21.328125	16.697248	37.655172	40.746269	34.231975	28.290155	23.333333	11.679144	20.642722	12.242152
11138	40.064748	24.213043	26.582339	21.215238	16.623881	36.880795	40.064748	33.649547	28.780362	23.204167	11.59001	20.664193	12.253025
11360	39.859649	23.374486	26.919431	21.596958	16.854599	38.120805	39.859649	33.709199	28.4	23.666667	11.82102	20.767824	12.254585
11587	39.955172	23.503043	26.514874	21.299632	16.671942	37.377419	39.955172	33.488439	28.9675	23.408081	11.70404	20.765233	12.248414
11818	39.791246	23.541833	26.617117	21.293694	16.551821	37.398734	39.791246	32.91922	28.477108	23.448413	11.70099	20.806338	12.246632
12054	39.521311	23.822134	26.668142	21.37234	16.672199	37.318885	39.521311	32.844687	28.631829	23.003817	11.635135	20.818653	12.237563
12295	40.311475	23.966862	26.104034	20.768581	16.614865	37.033133	40.311475	33.777473	28.006834	23.46374	11.73187	22.03405	12.233831
12540	39.936306	24.208494	26.179541	20.9699	16.832215	37.210682	39.936306	33.529412	28.56492	23.527205	11.796802	20.625	12.282076
12790	41.258065	22.321117	26.04888	20.796748	16.63199	37.397661	41.258065	34.661247	28.233996	23.511029	11.72319	20.629032	12.274472
13045	40.765625	22.686957	26.09	20.805423	16.767352	37.485632	40.765625	34.238845	28.988889	23.047703	11.710054	20.640823	12.271872
13305	40.440729	22.939655	26.037182	20.724299	16.799242	37.373596	40.440729	34.028133	28.429487	23.301226	11.64042	20.659938	12.285319
13571	41.24924	23.001695	26.047985	20.942901	16.529842	37.592798	41.24924	34.531807	28.450734	23.560764	11.821429	20.84639	12.248195
13842	40.473684	23.263866	26.265655	20.846386	16.717391	37.410811	40.473684	34.347395	28.364754	23.58092	11.780426	20.846386	12.260407
14118	41.16035	22.338608	26.19295	20.761765	16.589894	37.648	41.16035	35.295	28.521212	23.412935	11.735661	20.853767	12.276522
14400	40.909091	21.818182	26.568266	21.021898	16.666667	38.4	40.909091	34.951456	29.090909	23.84106	11.900826	20.869565	12.286689
14688	41.846154	22.087218	26.560579	20.893314	16.863375	38.25	41.846154	34.723404	28.8	23.728595	11.854722	20.834043	12.291213
14981	41.383978	22.194074	26.282456	20.894003	16.682628	38.022843	41.383978	34.839535	28.865125	23.481191	11.786782	20.778086	12.299672
15280	40.530504	23.221884	26.435986	21.017882	16.699454	38.00995	40.530504	34.414414	28.296296	23.507692	11.753846	20.789116	12.312651
15585	41.56	22.718659	26.281619	20.835561	16.776103	37.82767	41.56	35.022472	28.701657	23.68541	11.869764	20.724734	12.291009
15896	41.181347	22.047157	26.493333	20.779085	16.662474	37.847619	41.181347	34.556522	29.113553	23.760837	11.871546	20.888305	12.284389
16213	41.678663	22.209589	26.578689	21.001295	16.783644	37.880841	41.678663	35.245652	28.245645	23.261119	11.791273	20.839332	12.301214
16537	41.239401	22.377537	26.4592	20.932911	16.603414	37.928899	41.239401	34.167355	28.316781	23.82853	11.862984	20.801258	12.304315
16867	41.139024	23.264828	26.52044	20.772167	16.47168	37.903371	41.139024	34.849174	28.588136	23.722925	11.853127	20.746617	12.320672
17204	40.671395	22.87766	26.549383	21.006105	16.463158	37.977925	40.671395	34.615694	28.249589	23.343284	11.783562	20.878641	12.306152
17548	41.484634	22.297332	26.467572	21.040767	16.384687	38.065076	41.484634	34.679842	28.0768	23.842391	11.88084	20.840855	12.323034
17898	40.863014	23.304688	26.437223	20.763341	16.435262	37.919492	40.863014	33.516854	28.545455	23.674603	11.876576	20.787456	12.326446
18255	41.488636	22.620818	26.49492	20.958668	16.610555	38.110647	41.488636	34.837786	28.70283	23.677043	11.830849	20.910653	12.326131
18620	41.377778	23.101737	26.638054	20.874439	16.477876	38	41.377778	34.609665	28.470948	23.810742	11.935897	20.82774	12.322965
18992	41.467249	22.992736	26.636746	20.962472	16.557977	38.136546	41.467249	34.21982	28.516517	23.82936	11.877423	20.939361	12.316472
19371	41.302772	23.423216	26.572016	20.941622	16.443973	38.510934	41.302772	33.688696	28.825893	23.623171	11.847706	20.851453	12.338217
19758	41.508403	22.894554	26.628032	21.063966	16.410299	38.439689	41.508403	34.361739	28.634783	23.891173	11.938369	20.930085	12.317955
20153	41.212679	22.849206	26.412844	20.949064	16.411238	37.182657	41.212679	34.04223	28.265077	23.709412	11.847737	20.862319	12.325994
20556	42.296296	22.564215	26.55814	20.890244	16.471154	37.579525	42.296296	34.089552	28.197531	23.958042	11.951163	20.911495	12.323741
20967	42.44332	23.193584	26.340452	20.841948	16.418951	37.241563	42.44332	34.485197	28.295547	23.853242	11.886054	20.821251	12.340789
21386	41.365571	22.161658	26.337438	20.803502	16.48882	37.519298	41.365571	34	28.176548	23.65708	11.874514	20.884766	12.34045
21813	41.787356	23.009494	26.504253	20.734791	16.351574	37.415094	41.787356	34.351181	28.255181	23.917763	11.958882	20.933781	12.330695
22249	41.664794	23.032091	26.392645	20.65831	16.529718	37.081667	41.664794	35.037795	28.270648	23.821199	11.891502	20.851921	12.346837
22693	40.888288	22.784137	26.47958	20.762123	16.456128	37.758735	40.888288	33.870149	28.616646	23.887368	11.975198	20.876725	12.346572
23146	41.258467	22.939544	26.332196	20.68454	16.474021	37.820261	41.258467	34.038235	28.540074	23.861856	11.924781	20.927667	12.337953
23608	41.932504	22.964981	26.260289	20.618341	16.428671	37.532591	41.932504	34.464234	28.477684	23.967513	11.983756	20.947649	12.334378
24080	41.37457	21.890909	26.28821	20.546075	16.380952	37.046154	41.37457	33.772791	28.598575	23.888889	11.9801	20.848485	12.298264
24561	41.418212	22.636866	26.268449	20.709106	16.439759	36.989458	41.418212	33.691358	28.659277	23.571017	11.870952	20.726582	12.298948
25052	41.408264	22.228926	26.068678	20.61893	16.35248	36.51895	41.408264	33.899865	28.53303	23.950287	11.969422	20.755592	12.310565
25553	41.685155	21.728741	26.208205	20.657235	16.348688	37.30365	41.685155	34.71875	28.808343	23.616451	11.918377	20.75792	12.308767
26064	41.11041	21.920942	26.168675	20.603953	16.341066	36.5554	41.11041	33.11817	28.392157	23.911927	12	20.784689	12.31758
26585	41.281056	22.00745	26.089303	20.497301	16.349938	36.719613	41.281056	33.107098	28.463597	23.885894	11.937584	20.78577	12.313571
27116	41.398473	22.262726	26.173745	20.699237	16.227409	36.842391	41.398473	33.394089	28.453305	23.975243	11.982324	20.778544	12.319855
27658	41.342302	21.916006	25.994361	20.487407	16.155374	36.344284	41.342302	33.565534	28.338115	23.94632	12.025217	20.889728	12.314337
28211	40.474892	22.301186	25.599819	20.310295	16.176032	36.167949	40.474892	32.463751	28.352764	23.988946	11.989375	20.866124	12.319214
28775	40.815603	22.220077	25.509752	20.509622	16.16573	35.923845	40.815603	32.587769	28.238469	23.919368	11.989583	20.851449	12.307528
29350	40.482759	22.234848	25.521739	20.353675	16.170799	35.191847	40.482759	32.611111	28.578384	23.900651	11.964941	20.830376	12.321579
29937	40.565041	22.0125	25.5	20.434812	16.164687	35.137324	40.565041	32.294498	28.56584	23.968775	12.008424	20.804031	12.319753
30535	40.605053	21.625354	25.595138	20.356667	16.156085	34.425028	40.605053	32.346398	28.404651	23.967818	11.965125	20.885773	12.317467
31145	40.343264	21.886859	25.362378	20.436352	16.112261	34.225275	40.343264	31.619289	28.339399	23.957692	11.992684	20.860683	12.32977
31767	40.674776	21.728454	25.272076	20.311381	16.174644	34.268608	40.674776	31.767	28.38874	24.065909	11.996601	20.913101	12.322343
32402	39.953144	21.247213	25.098373	20.365808	16.056492	34.035714	39.953144	31.860374	28.249346	24.019274	11.991858	20.864134	12.329528
33050	39.628297	21.502928	25.13308	20.325953	16.082725	33.897436	39.628297	31.778846	28.247863	24.071377	12.026929	20.917722	12.32749
33711	39.706714	22.047744	25.346617	20.295605	15.991935	33.677323	39.706714	31.35907	28.520305	23.976529	11.971236	20.873684	12.325777
34385	39.705543	21.463795	25.025473	20.202703	15.970739	32.99904	39.705543	31.401826	28.393889	24.045455	11.964161	20.902736	12.328792
35072	39.58465	21.662755	25.033547	20.367015	16.03658	32.900563	39.58465	31.147425	28.26108	24.121045	12.043956	20.863772	12.344949
35773	39.791991	21.746505	25.068676	20.199322	16.034514	32.940147	39.791991	31.713652	28.035266	24.008725	11.980241	20.883246	12.335517
36488	39.403888	21.577765	24.974675	20.259856	16.024594	32.872072	39.403888	31.564014	28.241486	24.005263	12.022405	20.898053	12.339533
37217	39.592553	21.700875	25.045087	20.281744	16.007312	33.140695	39.592553	31.38027	28.152042	24.104275	12.036546	20.908427	12.335764
37961	39.337824	21.593288	25.056766	20.278312	15.990312	32.838235	39.337824	30.61371	28.329104	24.056401	12.054938	20.926681	12.337017
38720	39.150657	21.595092	24.948454	20.293501	16.06639	32.702703	39.150657	30.536278	28.345534	23.975232	12.017381	20.941049	12.343003
39494	39.064293	21.46413	25.012033	20.253333	15.99595	32.884263	39.064293	30.591789	28.149679	24.008511	12.029851	20.940615	12.341875
40283	39.147716	21.507208	25.004966	20.293703	15.972641	32.750407	39.147716	30.58694	28.071777	24.035203	12.053561	22.580157	12.349172
41088	39.545717	21.48954	25.023143	20.360753	15.987549	32.844125	39.545717	31.364885	28.278045	24.098534	12.074052	20.931228	12.349865
41909	39.425212	21.884595	24.990459	20.265474	15.9836	32.818324	39.425212	32.016043	28.45146	23.961692	12.015195	20.912675	12.347967
42747	39.653989	21.721037	24.910839	20.259242	16.028121	33.060325	39.653989	31.066134	28.328032	24.096392	12.034628	20.903178	12.351055
43601	39.351083	21.746135	24.914857	20.270107	16.012119	32.659925	39.351083	30.90078	28.147837	24.035832	12.044475	20.951946	12.34806
44473	39.391497	21.84332	24.873043	20.187472	16.043651	33.09003	39.391497	30.607708	28.236825	24.143865	12.055571	20.928471	12.357044
45362	39.274459	21.787704	24.910489	20.187806	16.045985	33.062682	39.274459	31.15522	28.333542	24.167288	12.067571	20.962107	12.350123
46269	39.14467	21.928436	24.86244	20.195984	16.065625	32.69894	39.14467	30.763963	28.368486	24.186618	12.039813	20.936199	12.354873
47194	39.692178	21.56947	24.852027	20.237564	16.030571	33.04902	39.692178	31.930988	28.327731	24.189646	12.085531	20.965793	12.35445
48137	39.359771	21.518552	25.019231	20.251157	16.018968	32.993146	39.359771	30.602034	28.282609	24.189447	12.08258	20.993022	12.352322
49099	39.564061	21.754098	24.860253	20.20535	16.014025	33.107889	39.564061	31.213605	28.413773	24.103584	12.039971	20.946672	12.364392
50080	39.216915	21.736111	25.077616	20.250708	16.035863	33.034301	39.216915	30.241546	28.486917	24.13494	12.052948	20.953975	12.365432
51081	39.353621	21.644492	24.784571	20.198102	16.037991	33.062136	39.353621	31.146951	28.489124	24.117564	12.053091	20.960607	12.359303
52102	39.411498	21.592209	24.775083	20.147718	16.026453	32.851198	39.411498	31.254949	28.408942	24.132469	12.057857	20.9666	12.361091
53144	39.571109	21.70915	24.915143	20.191489	16.021706	32.603681	39.571109	30.455014	28.373732	24.079746	12.067212	20.964103	12.364821
54206	39.393895	21.83085	25.048983	20.188454	16.037278	32.634557	39.393895	31.441995	28.320794	24.134461	12.029738	20.96133	12.367328
55290	39.268466	21.631455	25.0181	20.17147	16.021443	32.793594	39.268466	30.97479	28.470649	24.049587	12.058888	20.951118	12.366361
56395	39.136017	21.459285	24.756365	20.119515	16.016757	32.768739	39.136017	30.90137	28.396274	24.141695	12.065682	20.995905	12.367325
57522	39.39863	21.788636	24.804657	20.15487	16.031773	32.907323	39.39863	31.059395	28.405926	24.229992	12.074307	20.97047	12.370323
58672	39.483176	21.762611	25.030717	20.16913	16.043752	32.94329	39.483176	31.043386	28.620488	24.244628	12.104807	21.006803	12.367622
59845	39.294156	21.557997	24.780538	20.156618	16.06146	32.702186	39.294156	30.548749	28.389469	24.121322	12.092342	20.968816	12.372338
61041	39.10378	21.684192	24.793258	20.16551	16.059195	33.228634	39.10378	30.689291	28.590632	24.10782	12.089721	20.990715	12.368997
62261	39.108668	21.716428	25.15596	20.208049	16.063209	32.648663	39.108668	30.535066	28.287597	24.029718	12.080132	21.005735	12.370554
63506	39.201235	21.512873	24.807031	20.173443	16.040919	32.904663	39.201235	31.283744	28.542022	24.155953	12.114842	21.01456	12.369692
64776	39.258182	21.541736	24.933025	20.2425	16.029696	32.964885	39.258182	30.62695	28.311189	24.179171	12.098618	21.024343	12.371276
66071	39.492528	21.712455	24.979584	20.199022	16.024982	32.692232	39.492528	31.268812	28.344487	24.139934	12.100916	21.014949	12.37053
67392	39.318553	21.69736	25.024879	20.201439	16.087849	32.66699	39.318553	30.674556	28.435443	24.206897	12.092589	21.020586	12.374587
68739	39.482481	21.643262	24.923495	20.19953	16.045518	33.01585	39.482481	31.230804	28.369377	24.255116	12.114734	21.001833	12.376485
70113	39.389326	21.740465	24.836344	20.135841	15.992929	32.793732	39.389326	30.751316	28.328485	24.227021	12.065565	20.985633	12.380894
71515	39.293956	21.638427	25.022743	20.105426	15.995303	33.32479	39.293956	30.535867	28.300356	24.193166	12.096583	21.015281	12.379263
72945	39.32345	21.781129	24.811224	20.139426	15.989698	32.666816	39.32345	30.559279	28.284219	24.16998	12.11711	20.991367	12.380346
74403	39.639318	21.774363	24.892272	20.103486	15.976594	32.994678	39.639318	31.170088	28.354802	24.133312	12.070571	21.005929	12.377807
75891	39.588419	21.751505	25.112839	20.055761	16.000633	32.810636	39.588419	30.900244	28.519729	24.269587	12.127037	21.010797	12.380261
77408	39.69641	21.737714	25.108012	20.069484	16.023184	32.939574	39.69641	31.162641	28.448365	24.1598	12.113928	21.029068	12.383299
78956	39.418872	21.685251	24.805529	20.034509	15.982996	32.802659	39.418872	31.406523	28.411659	24.279213	12.130281	21.026897	12.383312
80535	39.574939	21.579582	25.120087	20.003726	15.972828	32.965616	39.574939	31.594743	28.397391	24.242926	12.11417	21.016441	12.384284
82145	39.398082	21.725734	24.854766	20.054932	15.984627	32.831735	39.398082	31.186409	28.473137	24.267356	12.128304	21.00358	12.386158
83787	39.52217	21.661582	25.07842	20.112098	16.011275	32.742087	39.52217	30.612715	28.460258	24.236911	12.078276	21.036154	12.383535
85462	39.52914	21.635949	24.966988	20.033286	15.977192	32.769172	39.52914	31.524161	28.506338	24.26519	12.123989	21.013523	12.387592
87171	39.605179	21.684328	24.856287	20.0209	15.985879	32.746431	39.605179	31.37905	28.59003	24.288381	12.11213	21.025326	12.385763
88914	39.711478	21.612543	24.829377	20.048253	16.00324	32.833826	39.711478	31.230769	28.498077	24.194286	12.115275	21.034776	12.38529
90692	39.362847	21.629382	25.08769	20.046861	16.017662	32.823742	39.362847	31.240785	28.421185	24.178086	12.124599	21.037346	12.386233
92505	39.599743	21.598179	24.853573	20.070514	16.015409	32.710396	39.599743	31.347001	28.498152	24.273157	12.131803	21.038208	12.388509
94355	39.347373	21.616266	25.114453	20.105476	15.989663	32.728061	39.347373	31.12999	28.601091	24.230868	12.140376	21.033214	12.390676
96242	39.443443	21.690782	24.855888	20.025385	15.984388	32.959589	39.443443	31.156361	28.5246	24.114758	12.104389	21.022717	12.389547
98166	39.775527	21.766297	24.789394	19.993075	16.000978	32.996975	39.775527	31.473549	28.429192	24.208631	12.12375	21.038577	12.391568
100129	39.623664	21.668254	24.808969	19.973868	15.989939	32.668515	39.623664	31.556571	28.421516	24.261934	12.125091	21.04877	12.387604
102131	39.190714	21.610453	25.050527	19.978678	15.992953	32.70285	39.190714	30.614808	28.417084	24.270675	12.125252	21.023261	12.391531
104173	39.474422	21.720809	25.095881	19.998656	15.979905	32.966139	39.474422	30.567195	28.485917	24.186905	12.107508	21.032304	12.39417
106256	39.427087	21.583587	24.866838	20.03696	15.959147	32.968042	39.427087	31.178404	28.448728	24.287086	12.133836	21.061645	12.392815
108381	39.540679	21.632934	25.012924	19.955993	15.938382	32.713855	39.540679	31.62562	28.431532	24.27346	12.131296	21.048942	12.393482
110548	39.467333	21.616738	25.090331	19.990597	15.959001	32.813298	39.467333	31.078999	28.352911	24.227044	12.100263	21.032725	12.393274
112758	39.536466	21.646765	25.023968	19.974845	15.969126	32.636179	39.536466	31.540699	28.316926	24.259466	12.124516	21.044793	12.390989
115013	39.687026	21.578424	24.771269	20.009221	15.989573	32.917287	39.687026	31.202659	28.342287	24.300232	12.143702	21.056939	12.393642
117313	39.379993	21.525321	24.760025	20.046651	15.943599	32.888422	39.379993	31.275127	28.391336	24.293435	12.13792	21.05402	12.393091
119659	39.701062	21.724582	24.763866	20.013213	15.995054	32.658024	39.701062	31.26705	28.537801	24.276527	12.13334	21.055604	12.394759
122052	39.333548	21.586841	24.746959	19.992138	16.00682	32.677912	39.333548	31.024911	28.603703	24.274463	12.117951	21.047077	12.394841
124493	39.660083	21.549766	24.725521	20.031054	15.997558	32.882462	39.660083	31.589191	28.632245	24.248734	12.142105	21.064805	12.395997
126982	39.33767	21.529671	24.903314	20.000315	15.990681	32.659979	39.33767	30.79098	28.509654	24.298125	12.146738	21.068857	12.395744
129521	39.681679	21.70258	24.869624	20.093236	16.000124	32.624937	39.681679	31.270159	28.560309	24.304935	12.147908	21.043217	12.397913
132111	39.589751	21.618557	24.725997	20.001665	15.972797	32.69265	39.589751	30.412293	28.502913	24.325354	12.131405	21.073696	12.396641
134753	39.4476	21.702851	24.716251	19.984132	15.941441	32.667394	39.4476	30.41142	28.470949	24.231793	12.145381	21.058447	12.39678
137448	39.349556	21.710314	24.936139	20.068331	15.971183	32.741305	39.349556	30.429046	28.504355	24.284099	12.15816	21.051922	12.399459
140196	39.325666	21.718978	24.708495	20.048048	15.951303	32.878987	39.325666	30.67075	28.512508	24.2974	12.100466	21.059937	12.399045
142999	39.361134	21.597795	24.895369	20.002658	15.970404	32.678016	39.361134	30.745861	28.468843	24.311289	12.119586	22.336614	12.401266
145858	39.560076	21.611794	24.704946	20.062999	15.973935	33.029438	39.560076	30.967728	28.515738	24.317773	12.151795	21.059486	12.401837
148775	39.683916	21.684157	24.692946	20.050539	15.976697	32.980492	39.683916	31.607181	28.555662	24.246252	12.136972	21.072946	12.39895
151750	39.313472	21.598349	24.698893	20.083377	15.975366	32.690651	39.313472	31.026375	28.583537	24.256714	12.159455	21.061763	12.402942
154785	39.425624	21.724211	24.722089	20.096728	15.972036	32.682644	39.425624	31.156401	28.669198	24.333438	12.160028	21.062049	12.403638
157880	39.559008	21.663008	24.957319	20.073744	15.997568	32.974102	39.559008	30.787832	28.575566	24.341659	12.139946	21.06471	12.4022
161037	39.605755	21.572271	24.851389	20.084435	16.004472	32.837887	39.605755	31.220822	28.65427	24.245257	12.159242	21.080901	12.401771
164257	39.380724	21.727116	24.985853	19.987467	15.990752	32.68796	39.380724	31.551479	28.571404	24.294779	12.157279	21.066692	12.404244
167542	39.486684	21.713582	25.028682	20.02893	15.994463	32.928852	39.486684	31.743463	28.532357	24.320221	12.157463	21.071815	12.403168
170892	39.485213	21.629161	25.020791	19.989706	15.992139	32.744204	39.485213	30.581961	28.586818	24.24	12.153616	21.074362	12.404152
174309	39.660751	21.709927	24.728188	19.95067	16.010747	32.888491	39.660751	31.037927	28.561199	24.338034	12.121627	21.064532	12.405452
177795	39.686384	21.624301	24.992269	20.030982	15.955757	32.682904	39.686384	31.148388	28.524787	24.325489	12.157754	21.073249	12.403725
181350	39.570151	21.726369	25.041425	20.034247	16.020318	32.972727	39.570151	31.111683	28.532096	24.234933	12.167058	21.077406	12.405089
184977	39.669097	21.606938	24.87922	19.947913	15.998703	32.739292	39.669097	31.346721	28.589954	24.326276	12.158341	21.075197	12.405405
188676	39.604534	21.567901	24.73142	19.955156	16.017998	33.008397	39.604534	31.139792	28.539707	24.342149	12.166366	21.085829	12.403918
192449	39.737559	21.623483	25.058464	19.963589	16.017395	32.796353	39.737559	31.399739	28.536329	24.262355	12.157233	21.074135	12.40646
196297	39.591973	21.554519	24.819446	19.961053	15.970792	32.683483	39.591973	30.528305	28.527394	24.270153	12.136577	21.073215	12.406586
200222	39.468165	21.587278	24.937352	20.036225	15.97431	32.95293	39.468165	31.545927	28.734501	24.281106	12.165634	21.084878	12.406866
204226	39.563348	21.558746	24.926889	19.975156	15.971377	32.833762	39.563348	31.174782	28.623125	24.338696	12.144743	21.075955	12.407412
208310	39.520015	21.696698	24.701767	19.962626	15.9845	32.944805	39.520015	31.315394	28.543437	24.343812	12.16764	21.077608	12.408268
212476	39.782063	21.710024	24.976607	20.061939	15.975639	32.794567	39.782063	31.562092	28.674224	24.341391	12.165121	21.074787	12.408807
216725	39.505104	21.622768	24.683941	19.991237	15.961482	32.992084	39.505104	31.373046	28.735746	24.340184	12.166676	21.082198	12.408393
221059	39.58793	21.600449	24.880023	20.067084	15.979399	32.83217	39.58793	31.056336	28.542156	24.246901	12.13543	21.081347	12.407892
225480	39.79527	21.593564	24.702016	20.01065	15.984687	32.969732	39.79527	31.518032	28.574325	24.355152	12.131712	21.080778	12.409466
229989	39.523801	21.650099	24.958112	20.03214	15.984779	32.954435	39.523801	31.384962	28.609155	24.291191	12.16873	22.240499	12.408363
234588	39.519542	21.601105	24.897899	20.014333	15.982286	32.681527	39.519542	31.224278	28.706314	24.352538	12.151041	21.088457	12.409437
239279	39.893131	21.66205	24.721459	20.008278	15.983901	32.931324	39.893131	31.529714	28.676774	24.341709	12.168998	21.085566	12.410093
244064	39.808188	21.585213	24.980962	19.995412	16.004197	32.830778	39.808188	31.174352	28.676301	24.304322	12.150951	21.090909	12.409824
248945	39.527628	21.660576	24.711634	19.965113	15.98568	32.885733	39.527628	31.472187	28.56184	24.353845	12.131823	21.088098	12.409401
253923	39.687871	21.665785	24.911508	20.028632	16.001197	32.781177	39.687871	31.118015	28.620717	24.266342	12.122165	21.082946	12.41131
259001	39.645033	21.675538	24.706763	19.998533	15.968002	32.972756	39.645033	31.356053	28.723633	24.335338	12.165954	21.086135	12.410206
264181	39.780304	21.677279	24.72216	19.959278	15.964527	32.691622	39.780304	31.695381	28.618893	24.301444	12.166951	21.083879	12.409272
269464	39.464558	21.619384	24.90195	19.778626	15.899457	32.662303	39.464558	30.434154	28.626793	24.317661	12.159379	21.089771	12.410833
274853	39.672777	21.640265	24.932239	19.694253	15.876444	32.932303	39.672777	31.354438	28.624557	24.31897	12.121411	21.085769	12.401994
280350	39.20979	21.471241	24.750596	19.611752	15.862284	32.462946	39.20979	30.740132	28.326766	24.260125	12.1044	21.088461	12.399929
285957	39.017192	21.477918	24.788228	19.588779	15.848639	32.417753	39.017192	30.738149	28.22594	24.245973	12.142548	21.08983	12.400564
291676	38.92127	21.473607	24.541523	19.584771	15.86489	32.257908	38.92127	31.349527	28.219427	24.235646	12.115306	21.087045	12.401718
297509	38.884982	21.51497	24.792417	19.569098	15.862071	32.215376	38.884982	30.877945	28.221305	24.27654	12.111093	21.089459	12.401376
303459	38.865138	21.518863	24.659434	19.58811	15.874608	32.262279	38.865138	30.624584	28.350056	24.241812	12.130112	21.086721	12.401267
309528	38.797694	21.50396	24.659656	19.548314	15.874045	32.42489	38.797694	30.84177	28.146585	24.225405	12.12884	21.083577	12.391529
315718	38.852818	21.054885	24.552298	19.569702	15.878791	32.504684	38.852818	29.942906	28.133844	24.205934	12.112718	21.075968	12.379156
322032	38.859901	20.569239	24.487263	19.509996	15.875376	32.365025	38.859901	30.579432	28.260816	24.205652	12.119679	20.912527	12.244563
328472	38.918483	20.473199	24.494556	18.674854	15.87972	32.570352	38.918483	30.839546	28.243508	24.205748	12.110906	20.928449	12.276573
335041	39.076394	20.569806	24.3171	18.671478	15.859178	32.452635	39.076394	31.239254	28.285437	24.227421	12.115901	20.950538	12.255057
341741	39.221967	20.544728	24.368297	18.635675	15.786991	32.441713	39.221967	30.951997	28.240724	24.188916	12.095742	20.948998	12.264167
348575	39.223022	20.523728	24.225103	18.693355	15.81341	32.671759	39.223022	31.058986	28.256728	24.235208	12.117604	20.955573	12.321056
355546	39.105367	20.537546	24.282612	18.664812	15.788712	32.663849	39.105367	31.114553	28.229139	24.297547	12.114003	21.034491	12.368969
362656	38.886554	20.46938	24.243332	18.532168	15.783436	32.510623	38.886554	31.105241	28.134678	24.257926	12.109928	21.057717	12.366364
369909	38.954191	20.48336	24.166002	18.597738	15.780427	32.562412	38.954191	30.76678	28.166375	24.297754	12.111882	21.034289	12.358312
377307	38.905651	20.540421	24.318853	18.559124	15.767112	32.571392	38.905651	29.692846	28.157239	24.240732	12.116863	21.036296	12.371127
384853	38.66315	20.510179	24.212205	18.608113	15.731401	32.270082	38.66315	29.599523	28.114033	24.221348	12.117156	21.06014	12.373501
392550	39.048045	20.616039	24.348716	18.668854	15.725903	32.393959	39.048045	29.801852	28.155932	24.23597	12.117611	21.050515	12.384844
400401	38.730992	20.617971	24.364184	18.655407	15.743984	32.531768	38.730992	30.347203	28.288894	24.238816	12.148457	21.063759	12.3806
408409	38.833222	20.595512	24.278267	18.651368	15.713478	32.444312	38.833222	29.815229	27.439465	24.229295	12.112851	21.060695	12.360299
416577	38.834436	20.56358	24.354107	18.668863	15.743651	32.438639	38.834436	29.798069	27.354193	24.173214	12.060363	21.060516	12.387065
424908	38.645566	20.588623	24.102785	18.695354	15.746081	32.47539	38.645566	29.709691	27.432888	24.172716	12.055496	21.052767	12.377163
433406	38.559253	20.362039	24.095513	18.670831	15.743616	32.25467	38.559253	29.781213	27.225705	24.150563	12.070237	21.052412	12.365717
442074	38.935529	20.369258	24.055831	18.695509	15.656951	32.44818	38.935529	29.673379	27.086208	24.162331	12.101007	21.049138	12.355684
450915	38.745059	20.303255	23.796243	18.679163	15.691095	32.467958	38.745059	29.398553	27.117813	24.164791	12.071721	21.056035	12.322102
459933	39.033608	20.406096	23.866587	18.549425	15.69041	32.230764	39.033608	29.441365	27.252059	24.109294	12.063184	21.051492	12.330313
469131	39.016218	20.375738	23.98175	18.654062	15.667468	32.224962	39.016218	29.427362	27.372134	24.163327	12.075755	21.068442	12.335489
478513	39.036792	20.336294	23.985614	18.625705	15.656099	32.286148	39.036792	29.832481	27.163545	24.14781	12.079696	21.06873	12.336625
488083	38.477178	20.368193	23.936197	18.602851	15.667287	31.994952	38.477178	29.634669	27.250461	24.215271	12.099831	21.056212	12.34528
497844	38.289802	20.351729	23.761168	18.664017	15.660396	31.997172	38.289802	28.850487	27.053799	24.211847	12.091223	21.063846	12.336613
507800	38.692472	20.29982	23.648303	18.613687	15.625096	32.210593	38.692472	29.480406	27.06823	24.194778	12.089325	21.068791	12.346219
517956	38.310355	20.383943	23.65528	18.618116	15.630273	32.085486	38.310355	29.422631	27.255104	24.193377	12.096123	21.077399	12.374418
528315	38.523771	20.385669	23.876486	18.5706	15.650532	32.085206	38.523771	29.61905	27.53218	24.210201	12.10011	21.075275	12.373296
538881	38.787951	20.338202	23.939627	18.518247	15.638778	32.339975	38.787951	29.535818	27.562836	24.207403	12.104517	21.078858	12.362775
549658	38.293019	20.347907	23.71362	18.520098	15.364734	32.033219	38.293019	29.69038	27.491147	24.187371	12.093419	21.076652	12.364647
560651	37.966479	20.357698	23.218247	18.575674	15.363669	31.682358	37.966479	29.813932	27.378211	24.206684	12.097857	21.080275	12.371213
571864	37.804191	20.380769	23.056243	18.587532	15.326955	31.897813	37.804191	29.738118	27.288796	24.204859	12.103454	21.081767	12.37533
583301	38.289418	20.388011	23.052642	18.481117	15.359727	32.049505	38.289418	29.654347	27.300431	24.208383	12.105448	21.082915	12.362001
594967	36.929241	20.409832	23.085791	18.428018	15.356365	31.905137	36.929241	29.506398	27.332185	24.218138	12.102911	21.086157	12.363208
606866	36.840041	20.471799	23.030094	18.470477	15.378491	32.092332	36.840041	29.697382	27.420296	24.227155	12.101258	21.08052	12.373405
619003	37.03057	20.494074	23.003568	18.454014	15.338562	31.380057	37.03057	29.686969	27.74554	24.221435	12.102194	21.081054	12.361518
631383	37.135808	20.476844	23.127582	18.424857	15.330784	31.531312	37.135808	29.832877	27.481306	24.219686	12.1052	21.09039	12.370599
644010	37.275569	20.371038	23.195865	18.427664	15.345629	31.583051	37.275569	29.835997	27.438541	24.212723	12.109548	20.993937	12.33334
656890	37.207024	20.31828	22.953735	18.45093	15.338221	31.461756	37.207024	30.167164	27.50335	24.217143	12.107232	20.996292	12.267312
670027	37.329489	20.252297	23.121122	18.550028	15.325061	32.060242	37.329489	30.016441	27.427525	24.228936	12.108119	21.027052	12.256965
683427	37.317189	20.25509	23.104361	18.528087	15.388341	31.822825	37.317189	30.373183	27.466723	24.237578	12.115352	21.081064	12.270005
697095	37.097281	20.248497	22.971561	18.512189	15.382638	31.984171	37.097281	29.420739	27.485806	24.126778	12.034441	20.943218	12.23811
711036	37.340405	20.249359	22.99599	18.528625	15.351512	31.922241	37.340405	30.343362	27.575567	24.152858	12.035954	21.002393	12.280202
725256	37.246097	20.289719	22.913434	18.591064	15.352258	31.834606	37.246097	29.987844	27.565792	24.140598	12.039842	21.034107	12.268976
739761	37.29198	19.969254	23.129096	18.539447	15.305189	31.724891	37.29198	29.784636	27.611265	24.179937	12.01652	20.994466	12.248307
754556	37.400545	19.995124	23.104783	18.562263	15.293297	32.012049	37.400545	30.205196	27.600995	24.177513	12.044183	20.973288	12.285584
769647	37.454231	19.956102	23.127107	18.534992	15.321542	32.040589	37.454231	30.314191	27.599763	24.078557	12.018598	21.042405	12.317308
785039	37.495295	20.003542	22.953014	18.537368	15.301115	31.149869	37.495295	29.938182	27.668523	24.094254	12.022037	21.083929	12.302373
800739	37.74934	20.048548	23.141408	18.636139	15.342767	31.374461	37.74934	30.317242	27.521533	24.106301	12.05043	21.031676	12.347556
816753	37.619317	20.006687	22.922539	18.658405	15.386628	31.127444	37.619317	29.731462	27.513997	24.068869	12.01019	21.055762	12.319607
833088	37.641786	19.990114	23.073395	18.65025	15.159734	31.24744	37.641786	30.084068	27.51554	24.104161	12.033453	21.072164	12.268253
849749	37.341756	20.020946	22.867919	18.569284	15.199059	31.222406	37.341756	29.761453	27.458203	24.057898	12.046684	21.046415	12.321453
866743	37.216841	20.001915	23.089134	18.591257	15.19642	31.137484	37.216841	29.32049	27.485983	24.107668	12.033752	21.028264	12.299112
884077	37.459303	19.998575	22.859725	18.618027	15.174943	31.096623	37.459303	29.924079	27.44132	24.072893	12.015181	21.021924	12.333319
901758	37.380119	20.026606	22.892488	18.581455	15.195949	31.144505	37.380119	29.974671	27.748961	24.113111	12.018953	21.097702	12.305314
919793	37.321688	19.922307	22.929476	18.62457	15.226596	31.454517	37.321688	30.153193	27.645487	24.078351	12.016369	21.090365	12.261781
938188	37.373541	19.903008	22.954858	18.642954	15.245917	31.42061	37.373541	30.150336	27.750473	24.119184	12.019884	20.954793	12.352055
956951	37.476052	19.87561	23.043513	18.64275	15.275045	31.42593	37.476052	30.190586	27.693561	24.085752	12.041815	21.012955	12.242548
976090	37.416721	19.941774	22.859786	18.686871	15.265957	31.14717	37.416721	29.98464	27.716444	24.157654	12.060917	21.045494	12.295648
995611	37.723969	19.916602	22.902351	18.68955	15.223177	31.432076	37.723969	30.002742	27.801821	24.095136	12.016161	21.031073	12.357707
1015523	37.911039	19.916121	23.055964	18.824108	15.248093	31.410195	37.911039	30.164647	27.729862	24.032066	12.004386	21.04144	12.298636
1035833	38.132565	19.979805	23.126951	18.767471	15.239337	31.332859	38.132565	29.852816	27.501938	24.152047	12.006874	21.020192	12.375987
1056549	38.149449	20.092595	23.232601	18.762746	15.235904	31.391657	38.149449	30.300525	27.696052	24.101214	12.006512	21.085015	12.375101
1077679	37.637656	20.047604	23.029297	18.731493	15.328189	31.535056	37.637656	30.328962	27.640591	24.090287	12.039895	21.06117	12.364092
1099232	37.294972	20.01442	23.072267	18.74543	15.294514	31.489401	37.294972	29.970608	27.773112	24.036912	12.01202	21.030688	12.346621
1121216	37.45627	20.078724	23.069813	18.67915	15.285001	31.595119	37.45627	30.283492	27.70213	24.079031	12.00844	21.09214	12.329184
1143640	37.48779	20.003848	23.063768	18.760806	15.299122	31.387639	37.48779	30.432145	27.655551	24.132517	12.039963	21.021248	12.348857
1166512	37.453028	20.026301	23.114352	18.750595	15.299321	31.490754	37.453028	30.232266	27.734475	24.1334	12.027137	21.02278	12.340778
1189842	37.613947	20.143597	23.039308	18.684705	15.290258	31.396733	37.613947	30.423739	27.832561	24.110274	12.018485	20.992272	12.350703
1213638	37.520497	20.058143	23.117795	18.661879	15.302652	31.588704	37.520497	30.108363	27.848508	24.104032	12.029558	21.018288	12.345262
1237910	37.516972	20.137459	22.99922	18.676976	15.310815	31.409469	37.516972	30.477633	27.867675	24.10214	12.026016	20.981881	12.346998
1262668	37.789723	20.016296	23.004445	18.694284	15.277844	31.394033	37.789723	30.185704	27.945643	24.06136	12.026555	21.047975	12.35717
1287921	37.346198	20.036731	23.103794	18.78449	15.325642	31.567465	37.346198	29.442905	27.723459	24.144143	12.018449	21.024192	12.342319
1313679	37.309827	20.012781	23.15669	18.686225	15.287247	31.351973	37.309827	30.367762	27.741083	24.075929	12.051769	21.035693	12.278866
1339952	37.718564	20.036366	23.211475	18.743995	15.326349	31.565418	37.718564	30.014156	27.872116	24.102891	12.027323	21.024132	12.305443
1366751	37.454468	20.011289	23.146832	18.679883	15.320431	31.35613	37.454468	30.548066	27.976235	24.086265	12.050459	20.995607	12.314958
1394086	37.497606	20.006688	23.079366	18.72815	15.290054	31.412483	37.497606	30.435901	27.912983	24.133749	12.035413	20.970952	12.303075
1421967	37.541701	20.003756	23.228682	18.687716	15.27896	31.204701	37.541701	29.997405	27.732711	24.134679	12.032621	21.036882	12.369878
1450406	37.641597	19.94782	23.048293	18.68502	15.304323	31.18482	37.641597	30.380721	27.748876	24.129196	12.035166	21.01459	12.284185
1479414	37.641249	20.057675	23.037731	18.682772	15.237867	31.130484	37.641249	29.984677	27.678984	24.151726	12.036172	21.064671	12.357284
1509002	37.518697	20.018068	23.091786	18.657525	15.27299	31.52555	37.518697	30.281179	27.799819	24.080075	12.032645	21.059858	12.343979
1539182	37.725049	19.976146	23.211214	18.666481	15.320884	31.232767	37.725049	30.467389	27.737507	24.137973	12.043772	21.011863	12.345554
1569965	37.941105	20.054224	23.240493	18.69006	15.299865	31.380472	37.941105	30.274307	27.815052	24.074418	12.03398	21.018904	12.335122
1601364	37.640184	20.0168	22.947438	18.684386	15.24673	31.283973	37.640184	29.947151	27.742217	24.155489	12.030019	21.065867	12.317521
1633391	37.681754	20.071407	23.167352	18.767059	15.323911	31.453707	37.681754	30.144708	27.598523	24.149014	12.03341	21.064054	12.278181
1666058	37.441188	20.00622	23.114974	18.748824	15.26421	31.195499	37.441188	29.776026	27.648744	24.148568	12.038252	21.003996	12.3462
1699379	37.440327	20.021431	23.177564	18.714391	15.287684	30.923663	37.440327	30.183279	27.789881	24.136849	12.043706	20.985428	12.252899
1733366	37.649131	20.063035	22.978577	18.725124	15.344003	31.212699	37.649131	29.970883	27.677173	24.155045	12.048643	21.041613	12.3111
1768033	37.529887	20.03891	23.097654	18.757777	15.237066	31.369795	37.529887	29.894206	27.570375	24.140594	12.046612	21.017736	12.320015
1803393	37.710531	20.021238	23.011267	18.798855	15.284416	31.308363	37.710531	29.986083	27.61197	24.158301	12.045506	21.067921	12.30288
1839460	37.530043	20.01959	22.947355	18.779773	15.300146	30.993429	37.530043	29.755095	27.65232	24.153208	12.067414	21.049825	12.344541
1876249	37.639404	19.974971	23.032482	18.847114	15.273179	31.348666	37.639404	29.995987	27.689217	24.291157	12.043681	21.000985	12.353984
1913773	37.640836	20.013731	22.924104	18.767264	15.274747	31.175542	37.640836	30.018085	27.651284	24.12694	12.06385	21.103756	12.334826
1952048	37.530002	19.986157	22.976624	18.793546	15.26767	31.140592	37.530002	30.312246	27.638835	24.107989	12.044475	21.106873	12.262147
1991088	37.867782	20.006109	22.907397	18.836805	15.288542	31.292147	37.867782	30.142425	27.762737	24.137033	12.012525	21.094715	12.320937
2030909	37.490013	20.003437	22.910329	18.84572	15.226488	31.170424	37.490013	29.828146	27.721179	24.122351	12.052229	21.106713	12.294159
2071527	37.456414	20.020944	22.879941	18.754149	15.230808	31.009026	37.456414	30.237297	27.573669	24.095649	12.043482	21.104866	12.316369
2112957	37.573032	20.033155	22.972917	18.784846	15.287797	31.063304	37.573032	29.903156	27.713092	24.150288	12.069281	21.05042	12.315494
2155216	37.508763	20.104627	23.157682	18.752423	15.317593	31.339024	37.508763	29.399465	27.798119	24.180861	12.072146	21.061017	12.326367
2198320	37.5929	20.101866	22.932371	18.763721	15.242823	31.329827	37.5929	30.116861	27.852573	24.143831	12.037147	21.088823	12.339783
2242286	37.565522	20.048335	22.938753	18.759975	15.21411	31.181405	37.565522	30.32083	27.916212	24.146692	12.036211	21.005808	12.352696
2287131	37.640812	20.12062	23.065987	18.776525	15.347606	31.274439	37.640812	30.428138	27.635706	24.219873	12.043807	21.108536	12.366747
2332873	37.43618	20.00114	22.969261	18.753451	15.2619	31.765267	37.43618	30.206042	27.758749	24.163331	12.054571	21.068121	12.356057
2379530	37.588342	20.043886	22.880316	18.755064	15.307169	31.292724	37.588342	30.140854	27.697617	24.220614	12.042034	21.109721	12.328341
2427120	37.578498	20.043438	22.869742	18.761073	15.239124	31.112535	37.578498	29.991844	27.780105	24.056138	12.043049	21.066007	12.301548
2475662	37.474259	20.095638	22.871547	18.747062	15.3052	31.436579	37.474259	30.385542	27.740996	24.205225	12.056287	21.108987	12.301243
2525175	37.480519	20.066393	23.064329	18.835734	15.197615	31.013805	37.480519	30.277515	27.69713	24.157881	12.043626	21.106444	12.321353
2575678	37.449155	20.09799	22.894916	18.825991	15.177205	31.59527	37.449155	30.433855	27.799786	24.159363	12.039254	21.108827	12.338991
2627191	37.525403	20.074355	23.148281	18.758415	15.214569	31.349232	37.525403	30.241047	27.716494	24.11351	12.074598	21.108039	12.36139
2679734	37.591836	20.083595	23.108327	18.748183	15.233291	31.26841	37.591836	30.251109	27.657202	24.257353	12.063918	20.98099	12.336895
2733328	37.393163	20.039208	23.012654	18.79674	15.23917	31.435268	37.393163	30.326843	27.81815	24.187887	12.031764	21.109714	12.361623
2787994	37.316549	20.018769	23.063765	18.765525	15.328587	31.367716	37.316549	30.315157	27.895003	24.142448	12.055825	21.08714	12.342646
2843753	37.537825	20.085697	22.941633	18.801176	15.219281	31.062294	37.537825	30.137911	27.657317	24.190007	12.060379	21.075921	12.371405
2900628	37.447269	20.022558	22.913563	18.830478	15.280779	31.159059	37.447269	29.955881	27.61004	24.261059	12.053556	21.110061	12.355559
2958640	37.448769	20.003921	22.976337	18.813565	15.271267	31.317971	37.448769	30.153282	27.619608	24.266264	12.027872	21.039816	12.355312
3017812	37.367195	20.026757	23.029349	18.777413	15.250409	31.288551	37.367195	30.320932	27.706175	24.162212	12.036871	21.058959	12.324995
3078168	37.323795	20.005511	22.979806	18.841812	15.324714	31.342395	37.323795	29.512354	27.851179	24.199053	12.066846	21.110815	12.35205
3139731	37.40625	20.031588	23.090502	18.83428	15.249259	31.247012	37.40625	30.381945	27.750603	24.173719	12.055441	21.010961	12.326689
3202525	37.261626	20.047858	22.929226	18.818346	15.293524	31.409313	37.261626	30.512734	27.818532	24.127754	12.06524	21.031608	12.348084
3266575	37.325034	19.995562	22.983494	18.8827	15.282008	31.439303	37.325034	30.381657	27.827874	24.244263	12.036283	21.05186	12.331677
3331906	37.425792	20.054568	23.120414	18.816461	15.271223	31.258793	37.425792	29.950255	27.849199	24.223235	12.04093	21.072408	12.350776
3398544	37.365936	19.966888	23.176105	18.806202	15.330717	31.531647	37.365936	30.463549	27.795631	24.234289	12.057817	21.034108	12.35147
3466514	37.503803	20.040897	23.152849	18.850815	15.171669	31.424917	37.503803	30.095709	27.842368	24.166828	12.064574	21.112306	12.392003
3535844	37.425051	20.012588	23.01008	18.809682	15.323068	31.440344	37.425051	29.931551	27.836688	24.239028	12.03372	21.062362	12.367631
3606560	37.415941	20.019428	23.097653	18.871052	15.342298	31.622067	37.415941	30.428943	27.653215	24.205588	12.049057	21.024233	12.359063
3678691	37.702322	20.095658	22.978893	18.788099	15.300848	31.489711	37.702322	30.447195	27.820396	24.266572	12.03898	21.063338	12.366055
3752264	37.475421	20.000554	23.017765	18.80523	15.286475	31.34933	37.475421	30.06405	27.798461	24.184127	12.043897	21.111446	12.320926
3827309	37.397612	20.043724	23.007707	18.806121	15.302931	31.458541	37.397612	30.048512	27.804036	24.210603	12.024068	21.112111	12.354767
3903855	37.496686	20.044131	23.081705	18.797724	15.165019	31.444157	37.496686	30.066196	27.779118	24.221971	12.019702	21.095761	12.359291
3981932	37.60584	20.020373	23.108581	18.813492	15.296121	31.484692	37.60584	30.153816	27.779241	24.172916	12.018532	21.078572	12.350369
4061570	37.551498	20.047533	22.943742	18.792863	15.28958	31.560392	37.551498	30.212821	27.931464	24.169969	12.033711	21.112336	12.361956
4142801	37.550201	20.024172	23.065151	18.802027	15.363395	31.287202	37.550201	30.005077	27.790605	24.231866	12.04835	21.110459	12.318986
4225657	37.292229	20.057134	23.213559	18.776191	15.269743	31.368314	37.292229	29.933533	27.814465	24.15655	12.042649	20.990587	12.339342
4310170	37.51595	20.098062	23.059272	18.769493	15.292208	31.463621	37.51595	29.956284	27.674887	24.173289	12.063979	21.06406	12.368344
4396373	37.687935	20.082832	23.06657	18.792657	15.335739	31.562279	37.687935	30.346603	27.75488	24.26308	12.040668	21.06713	12.344716
4484300	37.698399	20.020537	23.131283	18.851577	15.334977	31.539154	37.698399	30.035097	27.9173	24.172691	12.034609	21.064326	12.373418
4573986	37.686298	20.078955	23.101756	18.791745	15.298942	31.358311	37.686298	29.897874	27.762856	24.2428	12.069584	21.091884	12.301481
4665465	37.575627	20.041518	23.163904	18.816001	15.300369	31.435901	37.575627	30.340738	27.796602	24.255334	12.058862	21.056203	12.362614
4758774	37.499894	20.026403	23.115432	18.761701	15.303345	31.493577	37.499894	30.266901	27.700628	24.285283	12.038843	21.112105	12.366748
4853949	37.457646	20.056977	22.952067	18.763357	15.3105	31.271012	37.457646	30.43419	27.923219	24.238114	12.051865	21.060905	12.349947
4951027	37.727285	20.046105	23.10142	18.763343	15.316592	31.450668	37.727285	30.337175	27.914813	24.256898	12.044712	21.052433	12.326566
5050047	37.576991	20.029695	23.095748	18.876916	15.339663	31.491741	37.576991	30.40219	27.732578	24.182459	12.057309	21.060817	12.354099
5151047	37.46325	20.013082	22.832655	18.753175	15.299806	31.460042	37.46325	30.179028	27.691568	24.197747	12.077569	21.054502	12.35509
5254067	37.348975	20.033046	22.877091	18.746983	15.310168	31.580046	37.348975	30.041608	27.961741	24.139427	12.040781	21.110081	12.373749
5359148	37.47787	20.067807	22.904985	18.728719	15.298127	31.603968	37.47787	30.318439	27.705878	24.209664	12.039133	21.066413	12.371128
5466330	37.400398	20.077241	22.886516	18.733011	15.291118	31.538399	37.400398	30.013672	27.613027	24.241254	12.030093	21.109841	12.361529
5575656	37.619718	20.046726	22.972786	18.73062	15.221764	31.461244	37.619718	30.00536	27.822218	24.10959	12.06549	21.066604	12.352521
5687169	37.471793	20.017208	22.871634	18.741392	15.225386	31.232222	37.471793	30.280696	27.713358	24.221643	12.013911	21.053062	12.346019
5800912	37.543926	19.996181	22.871733	18.710748	15.307694	31.495542	37.543926	30.426545	27.837607	24.158086	12.051715	21.006761	12.353247
5916930	37.425237	20.046178	22.867627	18.705342	15.296853	31.445768	37.425237	30.319597	27.825782	24.169083	12.01922	21.066886	12.361292
6035268	37.534629	20.008646	22.905981	18.734225	15.276646	31.540135	37.534629	30.473456	27.842832	24.18916	12.038634	21.079855	12.361121
6155973	37.662268	20.05007	23.102717	18.721464	15.154806	31.246532	37.662268	29.961468	27.779285	24.176814	12.047315	21.061543	12.361987
6279092	37.390682	20.019997	22.875319	18.742104	15.091686	31.589419	37.390682	29.969797	27.791832	24.120389	12.021358	21.092295	12.339358
6404673	37.426651	20.050443	22.928451	18.677689	15.299235	31.514097	37.426651	29.81275	27.73282	24.231304	12.064053	21.057405	12.343122
6532766	37.34012	20.015031	22.774392	18.709521	15.085617	31.464558	37.34012	29.976442	27.621171	24.259042	12.016514	21.034423	12.337939
6663421	37.377833	20.024826	22.995869	18.647651	15.149475	31.15466	37.377833	30.31832	27.537529	24.189017	12.032201	21.059784	12.342251
6796689	37.311234	20.032153	22.830205	18.691941	15.275243	31.368417	37.311234	29.413728	27.504377	24.133998	12.057772	21.044726	12.35052
6932622	37.227728	20.057581	22.975254	18.667444	15.251381	31.623607	37.227728	30.166493	27.477693	24.156824	12.053443	21.045892	12.356139
7071274	36.944426	19.93992	22.702395	18.602105	15.119963	31.038455	36.944426	29.571454	27.656302	24.047535	12.012493	21.003264	12.343593
7212699	37.214925	19.961252	22.697789	18.627694	15.120455	30.840502	37.214925	29.792846	27.628193	24.108709	11.957214	21.040914	12.328557
7356952	37.12014	19.943755	22.777435	18.663514	14.979643	30.818073	37.12014	30.169742	27.652413	24.095636	12.00888	21.030318	12.356526
7504091	37.229506	20.031154	22.69737	18.575908	15.155646	30.874172	37.229506	29.713877	27.583094	24.199485	12.025055	21.003154	12.300175
7654172	37.377172	19.91578	22.803824	18.562498	15.243468	31.037054	37.377172	29.911261	27.726982	23.912189	11.963121	21.079137	12.323554
7807255	37.53091	20.034065	22.687397	18.684214	15.168672	30.778303	37.53091	29.886174	27.632877	24.149087	12.016079	21.026018	12.340228
7963400	37.167861	19.918011	22.671924	18.529705	14.91441	31.303534	37.167861	29.757372	27.325164	23.940067	11.948141	20.881198	12.291151
8122668	36.994198	20.05191	22.637797	18.619894	15.039555	31.009296	36.994198	29.680737	27.708798	24.185116	11.990434	21.002102	12.32113
8285121	36.735248	19.848452	22.332224	18.604411	14.996074	30.877647	36.735248	29.597752	27.316948	23.945713	11.925585	21.064902	12.310035
8450823	36.447956	19.676551	22.512055	18.454117	15.001603	30.541795	36.447956	29.377307	27.290387	23.886956	11.906274	20.946706	12.212913
8619839	36.481613	19.992576	22.355514	18.496516	14.943491	30.420098	36.481613	28.998032	27.230146	23.694025	11.787153	20.666369	12.165326
8792235	35.965357	19.447631	22.015427	18.248193	14.722479	30.15025	35.965357	29.205232	27.003676	24.017513	11.860771	20.915666	12.209606
8968079	35.788856	19.71223	22.447303	18.203864	15.053755	30.443715	35.788856	29.325369	26.969233	23.62657	11.956817	20.713077	12.125252
9147440	35.98889	19.593666	22.373584	18.503002	14.798019	29.764131	35.98889	28.893648	27.208571	23.814326	11.937558	20.845255	12.17579
9330388	35.089706	19.766138	22.549969	18.299399	14.311091	30.009546	35.089706	28.813145	26.768	23.433353	11.889358	20.775469	12.210312
9516995	35.752236	19.868922	22.376555	18.191853	14.580539	30.791066	35.752236	28.791393	26.479642	23.926476	11.695462	20.671818	12.174897
9707334	35.460451	19.68618	22.145571	18.09301	14.726445	28.616295	35.460451	28.674451	26.568939	23.370668	11.651574	20.855087	12.179414
9901480	34.966928	19.491678	21.816876	18.078786	14.673316	29.196365	34.966928	28.480518	26.564039	23.7962	11.641883	20.581218	12.201304
