0	Halftime16	Halftime24	Halftime32	Halftime40	Halftime16v3	Halftime24v3	Halftime32v3	Halftime40v3	clhash	clhash128	umash	umash128
1	0.027777778	0.022222222	0.020408163	0.019230769
2	0.055555556	0.044444444	0.041666667	0.038461538
3	0.083333333	0.068181818	0.0625	0.057692308
4	0.11111111	0.088888889	0.081632653	0.076923077
5	0.13888889	0.11111111	0.10204082	0.098039216
6	0.16666667	0.13333333	0.12244898	0.11538462
7	0.19444444	0.15555556	0.14285714	0.13461538
8	0.22222222	0.17777778	0.16666667	0.15384615
9	0.24324324	0.20454545	0.18367347	0.17307692
10	0.27027027	0.22222222	0.20408163	0.19230769
11	0.2972973	0.25	0.22916667	0.21153846
12	0.32432432	0.27272727	0.24489796	0.23076923
13	0.35135135	0.29545455	0.26530612	0.25
14	0.37837838	0.31111111	0.28571429	0.26923077
15	0.40540541	0.34090909	0.30612245	0.28846154
16	0.43243243	0.36363636	0.32653061	0.30769231
17	0.44736842	0.37777778	0.34693878	0.32692308
18	0.47368421	0.40909091	0.375	0.34615385
19	0.5	0.43181818	0.3877551	0.36538462
20	0.52631579	0.45454545	0.41666667	0.38461538
21	0.56756757	0.46666667	0.4375	0.41176471
22	0.57894737	0.5	0.45833333	0.43137255
23	0.62162162	0.52272727	0.46938776	0.44230769
24	0.63157895	0.53333333	0.5	0.47058824
25	0.65789474	0.55555556	0.52083333	0.48076923
26	0.68421053	0.59090909	0.54166667	0.5
27	0.71052632	0.61363636	0.5625	0.52941176
28	0.73684211	0.62222222	0.58333333	0.53846154
29	0.76315789	0.65909091	0.60416667	0.55769231
30	0.78947368	0.68181818	0.625	0.58823529
31	0.81578947	0.68888889	0.64583333	0.59615385
32	0.84210526	0.72727273	0.66666667	0.62745098
33	0.86842105	0.75	0.6875	0.63461538
34	0.89473684	0.77272727	0.70833333	0.66666667
35	0.92105263	0.79545455	0.72916667	0.68627451
36	0.94736842	0.81818182	0.75	0.69230769
37	0.97368421	0.84090909	0.77083333	0.7254902
38	1	0.86363636	0.79166667	0.73076923
39	1.0263158	0.88636364	0.8125	0.76470588
40	1.0810811	0.90909091	0.85106383	0.76923077
41	1.0789474	0.93181818	0.85416667	0.80392157
42	1.1052632	0.95454545	0.875	0.82352941
43	1.1315789	0.97727273	0.89583333	0.84313725
44	1.1578947	1	0.91666667	0.8627451
45	1.1842105	1.0227273	0.9375	0.88235294
46	1.2105263	1.0454545	0.93877551	0.90196078
47	1.2368421	1.0681818	0.95918367	0.90384615
48	1.2631579	1.0909091	1	0.94117647
49	1.2564103	1.1136364	1.0208333	0.96078431
50	1.2820513	1.1363636	1.0416667	0.96153846
51	1.3421053	1.1590909	1.0625	0.98076923
52	1.3684211	1.1818182	1.0833333	1.0196078
53	1.3589744	1.1777778	1.1041667	1.0392157
54	1.3846154	1.2272727	1.125	1.0588235
55	1.375	1.25	1.1458333	1.0784314
56	1.4	1.2727273	1.1666667	1.0980392
57	1.4615385	1.2954545	1.1875	1.1176471
58	1.45	1.3181818	1.2083333	1.1372549
59	1.475	1.3409091	1.2040816	1.1568627
60	1.5	1.3636364	1.25	1.1764706
61	1.4878049	1.3863636	1.2708333	1.1960784
62	1.55	1.3777778	1.2916667	1.2156863
63	1.5365854	1.4318182	1.2857143	1.2352941
64	1.7297297	1.3333333	1.3061224	1.2307692
65	1.7567568	1.3541667	1.3265306	1.2264151
66	1.7837838	1.375	1.3469388	1.245283
67	1.8108108	1.3958333	1.3958333	1.2641509
68	1.8378378	1.4166667	1.3877551	1.2830189
69	1.8648649	1.4680851	1.4081633	1.3018868
70	1.8918919	1.4893617	1.4285714	1.3207547
71	1.9189189	1.4791667	1.4489796	1.3396226
72	1.9459459	1.5	1.4693878	1.3333333
73	1.9210526	1.5531915	1.4897959	1.3773585
74	1.9473684	1.5416667	1.5102041	1.3962264
75	1.9736842	1.5957447	1.5306122	1.4150943
76	2	1.6170213	1.5510204	1.4339623
77	2.0263158	1.6382979	1.5714286	1.4528302
78	2.0526316	1.6595745	1.5918367	1.4716981
79	2.0789474	1.6808511	1.6122449	1.490566
80	2.1052632	1.7021277	1.6666667	1.509434
81	2.0769231	1.7608696	1.6530612	1.5283019
82	2.1025641	1.7446809	1.6734694	1.5471698
83	2.1282051	1.7659574	1.6938776	1.5660377
84	2.1538462	1.787234	1.7142857	1.5849057
85	2.1794872	1.8085106	1.7346939	1.6037736
86	2.2051282	1.8297872	1.755102	1.6226415
87	2.2307692	1.8510638	1.7755102	1.6111111
88	2.2564103	1.8333333	1.7959184	1.6603774
89	2.2820513	1.893617	1.8163265	1.6792453
90	2.3076923	1.9148936	1.8367347	1.6981132
91	2.3333333	1.9361702	1.8571429	1.7169811
92	2.3589744	1.9574468	1.877551	1.7358491
93	2.3846154	1.9787234	1.8979592	1.754717
94	2.4102564	2	1.9183673	1.7407407
95	2.4358974	2.0212766	1.9387755	1.7924528
96	2.4615385	2	1.9591837	1.8113208
97	2.4871795	2.0638298	1.9795918	1.8301887
98	2.5128205	2.0851064	2	1.8490566
99	2.5384615	2.106383	2.0204082	1.8679245
100	2.5641026	2.1276596	2.0408163	1.8867925
101	2.5897436	2.1489362	2.0612245	1.9056604
102	2.6153846	2.1702128	2.0816327	1.9245283
103	2.6410256	2.1914894	2.1020408	1.9074074
104	2.6666667	2.212766	2.122449	1.9622642
105	2.6923077	2.2340426	2.1428571	1.9811321
106	2.7179487	2.2553191	2.1632653	2.0384615
107	2.7435897	2.2291667	2.1836735	2.0576923
108	2.7692308	2.2978723	2.2040816	2.0769231
109	2.7948718	2.3191489	2.2244898	2.0566038
110	2.8205128	2.3404255	2.244898	2.0754717
111	2.8461538	2.3617021	2.2653061	2.0943396
112	2.8717949	2.3829787	2.2857143	2.1132075
113	2.8974359	2.3541667	2.3061224	2.1320755
114	2.9230769	2.4255319	2.3265306	2.1923077
115	2.9487179	2.3958333	2.3469388	2.2115385
116	2.974359	2.4166667	2.3673469	2.2307692
117	2.925	2.4375	2.3877551	2.1666667
118	2.95	2.4583333	2.4081633	2.2264151
119	2.975	2.4791667	2.4285714	2.245283
120	3	2.5	2.4489796	2.3076923
121	3.025	2.5208333	2.4693878	2.2830189
122	2.9756098	2.5416667	2.4897959	2.3461538
123	3	2.5625	2.5102041	2.3653846
124	3.0243902	2.5306122	2.48	2.3846154
125	3.0487805	2.6041667	2.5510204	2.3584906
126	3.0731707	2.625	2.52	2.3773585
127	3.097561	2.6458333	2.54	2.4423077
128	3.3684211	2.6122449	2.6666667	2.3272727
129	3.3947368	2.6326531	2.6875	2.3454545
130	3.4210526	2.6530612	2.6530612	2.3636364
131	3.4473684	2.6734694	2.6734694	2.3818182
132	3.4736842	2.6938776	2.6938776	2.4
133	3.4102564	2.7142857	2.7142857	2.4181818
134	3.5263158	2.7346939	2.7346939	2.4363636
135	3.4615385	2.755102	2.755102	2.4107143
136	3.5789474	2.72	2.8333333	2.4727273
137	3.5128205	2.7959184	2.8541667	2.4909091
138	3.5384615	2.8163265	2.8163265	2.5090909
139	3.475	2.8367347	2.8367347	2.5272727
140	3.5	2.8571429	2.8571429	2.5454545
141	3.6153846	2.877551	2.877551	2.5636364
142	3.6410256	2.8979592	2.9583333	2.5818182
143	3.575	2.9183673	2.9791667	2.6
144	3.6923077	2.9387755	3	2.6181818
145	3.625	2.9591837	2.9591837	2.5892857
146	3.65	2.9795918	2.9795918	2.6545455
147	3.675	3	3	2.6727273
148	3.7	3.0204082	3.0204082	2.6909091
149	3.725	3.0408163	3.0408163	2.7090909
150	3.75	3.0612245	3.0612245	2.6785714
151	3.775	3.0816327	3.0816327	2.7454545
152	3.8	3.04	3.1020408	2.7636364
153	3.825	3.122449	3.1875	2.7818182
154	3.85	3.1428571	3.1428571	2.8
155	3.875	3.1632653	3.1632653	2.8703704
156	3.9	3.1836735	3.1836735	2.8363636
157	3.925	3.2040816	3.2040816	2.8545455
158	3.95	3.2244898	3.2916667	2.8214286
159	3.975	3.18	3.244898	2.8392857
160	4	3.2	3.2653061	2.9090909
161	3.9268293	3.2857143	3.2857143	2.9272727
162	3.9512195	3.3061224	3.3061224	2.9454545
163	3.9756098	3.3265306	3.3265306	3.0185185
164	4	3.3469388	3.3469388	2.9818182
165	4.125	3.3673469	3.3673469	3
166	4.15	3.3877551	3.3877551	3.0181818
167	4.175	3.4081633	3.4081633	3.0363636
168	4.2	3.36	3.4285714	3.0545455
169	4.225	3.4489796	3.4489796	3.0727273
170	4.25	3.4	3.4693878	3.1481481
171	4.275	3.4897959	3.4897959	3.1666667
172	4.3	3.5102041	3.5102041	3.1851852
173	4.325	3.5306122	3.5306122	3.1454545
174	4.35	3.5510204	3.5510204	3.1636364
175	4.375	3.5714286	3.5714286	3.1818182
176	4.4	3.52	3.5918367	3.2
177	4.3170732	3.54	3.6122449	3.2181818
178	4.3414634	3.6326531	3.6326531	3.2363636
179	4.475	3.58	3.6530612	3.3773585
180	4.3902439	3.6	3.6734694	3.3333333
181	4.4146341	3.62	3.6938776	3.2909091
182	4.4390244	3.7142857	3.7142857	3.3090909
183	4.3571429	3.7346939	3.7346939	3.3272727
184	4.3809524	3.68	3.755102	3.3454545
185	4.4047619	3.7	3.7755102	3.3636364
186	4.4285714	3.72	3.7959184	3.4444444
187	4.452381	3.74	3.8163265	3.4
188	4.4761905	3.76	3.8367347	3.4814815
189	4.3953488	3.78	3.8571429	3.5
190	4.5238095	3.8	3.877551	3.4545455
191	4.4418605	3.82	3.8979592	3.537037
192	4.9230769	3.6923077	3.84	3.3684211
193	4.825	3.7115385	3.86	3.3859649
194	4.85	3.7307692	3.9591837	3.4035088
195	4.875	3.75	3.9795918	3.4210526
196	4.9	3.7692308	4	3.4385965
197	5.0512821	3.7884615	4.0204082	3.4561404
198	5.0769231	3.8076923	4.0408163	3.4736842
199	5.1025641	3.8269231	4.0612245	3.4310345
200	5.1282051	3.8461538	4	3.5087719
202	5.05	3.8846154	4.122449	3.5438596
204	5.1	3.9230769	4.25	3.5789474
206	5.15	3.9615385	4.2040816	3.6140351
208	5.2	3.9245283	4.244898	3.6491228
210	5.1219512	4.0384615	4.375	3.6842105
212	5.1707317	4.0769231	4.3265306	3.7192982
214	5.2195122	4.1153846	4.3673469	3.754386
216	5.2682927	4.0754717	4.4081633	3.7894737
218	5.3170732	4.1923077	4.4489796	3.8245614
220	5.3658537	4.1509434	4.4897959	3.8596491
222	5.4146341	4.2692308	4.5306122	3.8275862
224	5.4634146	4.2264151	4.5714286	3.9298246
226	5.5121951	4.2641509	4.6122449	3.9649123
228	5.5609756	4.3846154	4.56	4
230	5.6097561	4.4230769	4.6	4.0350877
232	5.6585366	4.3773585	4.64	4.0701754
234	5.7073171	4.4150943	4.7755102	4.1785714
236	5.7560976	4.4528302	4.72	4.1403509
238	5.6666667	4.490566	4.8571429	4.1754386
240	5.7142857	4.5283019	4.8979592	4.2105263
242	5.7619048	4.5660377	4.9387755	4.245614
244	5.8095238	4.6037736	4.9795918	4.3571429
246	5.7209302	4.6415094	4.92	4.3157895
248	5.7674419	4.6792453	4.96	4.4285714
250	5.6818182	4.7169811	5.1020408	4.4642857
252	5.7272727	4.754717	5.1428571	4.5
254	5.7727273	4.7924528	5.1836735	4.4561404
256	6.4	4.7407407	5.0196078	4.2666667
258	6.45	4.7777778	5.16	4.3
260	6.5	4.8148148	5.0980392	4.3333333
262	6.55	4.8518519	5.1372549	4.3666667
264	6.6	4.8	5.0769231	4.4
266	6.4878049	4.9259259	5.2156863	4.4333333
268	6.7	4.962963	5.36	4.4666667
270	6.75	5	5.4	4.5
272	6.8	4.9454545	5.3333333	4.5333333
274	6.5238095	5.0740741	5.48	4.5666667
276	6.5714286	5.1111111	5.52	4.6
278	6.6190476	5.1481481	5.56	4.6333333
280	6.6666667	5.0909091	5.6	4.6666667
282	6.7142857	5.2222222	5.64	4.7
284	6.7619048	5.2592593	5.68	4.7333333
286	6.8095238	5.2962963	5.72	4.7666667
288	7.0243902	5.2363636	5.6470588	4.8
290	7.0731707	5.2727273	5.6862745	4.9152542
292	6.952381	5.4074074	5.6153846	4.8666667
294	7	5.3454545	5.88	4.9
296	7.047619	5.3818182	5.8039216	5.0169492
298	7.0952381	5.4181818	6.0816327	5.0508475
300	7.1428571	5.4545455	5.8823529	5.0847458
303	7.2142857	5.5090909	5.9411765	5.05
306	7.1162791	5.5636364	6	5.1864407
309	7.0227273	5.6181818	6.18	5.0655738
312	7.0909091	5.6727273	6.1176471	5.1147541
315	7.1590909	5.7272727	6.0576923	5.3389831
318	7.0666667	5.7818182	6.2352941	5.3898305
321	8.025	5.8363636	6.0566038	5.1774194
324	7.902439	5.8909091	6.1132075	5.2258065
327	7.9756098	5.8392857	6.1698113	5.1904762
330	8.0487805	6	6.3461538	5.3225806
333	8.1219512	6.0545455	6.4038462	5.3709677
336	8.195122	6	6.3396226	5.4193548
339	8.0714286	6.1636364	6.5192308	5.4677419
342	8.1428571	6.1071429	6.5769231	5.516129
345	8.2142857	6.2727273	6.6346154	5.5645161
348	8.2857143	6.2142857	6.6923077	5.6129032
351	8.3571429	6.2678571	6.75	5.6612903
354	8.4285714	6.3214286	6.8076923	5.7096774
357	8.5	6.375	6.7358491	5.7580645
360	8.5714286	6.4285714	6.6666667	5.8064516
363	8.6428571	6.6	6.8490566	5.9508197
366	8.5116279	6.5357143	6.7777778	5.9032258
369	8.5813953	6.5892857	6.9622642	5.9516129
372	8.6511628	6.6428571	7.2941176	6.0983607
375	8.5227273	6.6964286	7.3529412	6.0483871
378	8.5909091	6.6315789	7.2692308	6.0967742
381	8.4666667	6.8035714	7.0555556	6.1451613
384	9.3658537	6.7368421	6.9818182	6
387	9.2142857	6.7894737	7.0363636	5.9538462
390	9.2857143	6.8421053	7.0909091	6
393	9.1395349	6.8947368	7.1454545	6.0461538
396	9.4285714	6.8275862	7.2	6.0923077
399	9.5	6.8793103	7.2545455	6.1384615
402	9.3488372	6.9310345	7.3090909	6.1846154
406	9.4418605	7	7.5185185	6.2461538
410	9.5348837	7.0689655	7.4545455	6.3076923
414	9.627907	7.137931	7.5272727	6.3692308
418	9.5	7.2068966	7.6	6.4307692
422	9.8139535	7.2758621	7.5357143	6.4923077
426	9.6818182	7.3448276	7.7454545	6.65625
430	9.7727273	7.4137931	7.6785714	6.6153846
434	9.8636364	7.4827586	8.037037	6.78125
438	9.9545455	7.5517241	7.9636364	6.7384615
442	9.8222222	7.4915254	7.8928571	6.8
446	9.9111111	7.559322	7.9642857	6.8615385
450	10.465116	7.6271186	7.8947368	6.6176471
454	10.55814	7.6949153	7.9649123	6.6764706
458	10.651163	7.7627119	8.0350877	6.7352941
462	10.744186	7.7	8.1052632	6.7941176
466	10.590909	7.7666667	8.1754386	6.8529412
470	10.681818	7.8333333	8.245614	6.9117647
474	10.772727	7.9	8.3157895	6.9705882
478	10.863636	7.9666667	8.3859649	7.0294118
482	10.954545	8.0333333	8.4561404	7.1940299
486	10.8	8.1	8.3793103	7.1470588
490	10.888889	8.1666667	8.5964912	7.3134328
494	10.977778	8.2333333	8.5172414	7.2647059
498	11.066667	8.3	8.5862069	7.4328358
502	10.913043	8.2295082	8.6551724	7.3823529
507	10.787234	8.3114754	8.7413793	7.5671642
512	11.906977	8.3934426	8.5333333	7.3142857
517	12.023256	8.4754098	8.7627119	7.2816901
522	11.863636	8.557377	8.7	7.3521127
527	11.977273	8.6393443	8.9322034	7.4225352
532	11.822222	8.7213115	9.0169492	7.4929577
537	11.933333	8.8032787	9.1016949	7.6714286
542	12.044444	8.7419355	9.1864407	7.6338028
547	12.155556	8.8225806	8.9672131	7.8142857
552	12.266667	8.9032258	9.2	7.8857143
557	12.377778	8.983871	9.440678	7.9571429
562	12.217391	8.9206349	9.3666667	8.0285714
567	12.06383	9	9.45	7.9859155
572	11.916667	9.2258065	9.6949153	8.1714286
577	13.113636	9.3064516	9.3064516	7.9041096
582	13.227273	9.2380952	9.5409836	7.9726027
587	13.044444	9.3174603	9.4677419	8.0410959
592	13.155556	9.3968254	9.5483871	8
597	13.266667	9.4761905	9.7868852	8.1780822
602	13.086957	9.5555556	9.8688525	8.2465753
608	13.511111	9.6507937	9.8064516	8.3287671
614	13.644444	9.59375	10.065574	8.4109589
620	13.478261	9.8412698	9.8412698	8.4931507
626	13.319149	9.78125	10.096774	8.6944444
632	12.897959	9.875	10.193548	8.5405405
638	13.020408	9.8153846	10.290323	8.739726
644	14.311111	9.9076923	10.222222	8.4736842
650	14.130435	10	10.31746	8.5526316
656	14.26087	10.092308	10.412698	8.5194805
662	14.391304	10.184615	10.34375	8.7105263
668	14.212766	10.276923	10.4375	8.7894737
674	14.041667	10.369231	10.53125	8.8684211
680	14.468085	10.461538	10.30303	8.9473684
686	14.291667	10.553846	10.393939	9.0263158
692	14.122449	10.646154	10.646154	9.1052632
698	13.96	10.575758	10.738462	9.1842105
704	15.304348	10.666667	10.507463	8.9113924
711	15.12766	10.61194	10.61194	8.8875
718	15.276596	10.716418	10.878788	8.975
725	15.425532	10.820896	10.984848	9.1772152
732	15.25	10.925373	11.090909	9.2658228
739	15.395833	11.19697	10.867647	9.3544304
746	15.22449	11.134328	11.134328	9.443038
753	15.06	11.238806	11.409091	9.5316456
760	14.901961	11.343284	11.343284	9.6202532
767	14.471698	11.447761	11.447761	9.7088608
774	16.468085	11.382353	11.382353	9.3253012
781	16.270833	11.485294	11.318841	9.4096386
788	16.416667	11.588235	11.42029	9.6097561
795	16.22449	11.691176	11.521739	9.695122
802	16.367347	11.794118	11.623188	9.7804878
810	16.2	11.73913	11.73913	10
818	15.730769	12.029412	12.208955	9.9756098
826	15.296296	12.147059	11.971014	10.073171
834	17.375	11.914286	11.914286	9.9285714
842	17.541667	12.028571	11.859155	9.9058824
850	17.346939	12.142857	11.971831	10
858	17.510204	12.257143	12.084507	10.094118
866	17.32	12.371429	12.027778	10.309524
874	16.807692	12.485714	12.309859	10.404762
882	16.333333	12.6	12.6	10.5
890	16.181818	12.714286	12.535211	10.595238
898	18.326531	12.472222	12.30137	10.321839
906	18.489796	12.583333	12.410959	10.295455
915	18.3	12.708333	12.364865	10.517241
924	18.48	12.833333	12.657534	10.62069
933	17.942308	12.958333	12.44	10.602273
942	17.444444	13.083333	12.56	10.827586
951	16.982143	13.208333	12.851351	10.806818
960	18.823529	13.150685	12.631579	12.8
969	18.634615	13.094595	12.75	12.92
978	18.807692	13.216216	13.04	13.04
987	18.980769	13.520548	13.16	13.337838
996	18.792453	13.459459	12.935065	13.28
1005	18.272727	13.581081	13.051948	13.581081
1015	17.807018	13.716216	13.355263	13.533333
1025	19.711538	13.666667	13.141026	13.486842
1035	19.528302	13.8	13.269231	13.441558
1045	19.351852	13.933333	13.397436	13.75
1055	19.537037	13.881579	13.525641	13.701299
1065	19.363636	14.013158	13.653846	13.831169
1075	18.859649	14.333333	13.782051	14.333333
1085	18.389831	14.276316	13.910256	14.466667
1095	20.277778	14.220779	13.6875	13.6875
1105	20.462963	14.350649	13.8125	13.987342
1116	20.290909	14.493506	14.126582	14.126582
1127	20.125	14.448718	14.0875	14.265823
1138	19.288136	14.779221	14.049383	14.589744
1149	18.836066	14.730769	14.012195	14.730769
1160	20.714286	14.683544	13.975904	14.320988
1171	20.910714	14.822785	14.108434	14.6375
1182	20.736842	14.775	14.240964	14.592593
1193	20.568966	15.101266	14.54878	14.728395
1204	19.737705	15.05	14.506024	15.05
1216	21.714286	15.2	14.47619	14.650602
1228	21.54386	15.160494	14.619048	14.795181
1240	21.754386	15.308642	14.588235	14.939759
1252	21.586207	15.45679	14.729412	15.084337
1264	20.721311	15.604938	14.697674	15.228916
1276	19.9375	15.753086	15.011765	15.560976
1288	22.206897	15.518072	14.636364	14.804598
1300	22.033898	15.662651	14.942529	15.116279
1313	22.254237	15.819277	15.091954	15.091954
1326	21.737705	15.975904	15.241379	15.418605
1339	20.921875	16.13253	15.215909	15.752941
1352	22.915254	21.806452	19.314286	15.191011
1365	23.135593	21.666667	20.373134	15.511364
1378	22.966667	22.225806	20.264706	15.483146
1391	22.435484	21.734375	20.15942	15.629213
1404	21.6	22.285714	20.647059	15.954545
1418	25.781818	21.484848	19.971831	15.413043
1432	25.571429	21.69697	20.169014	15.565217
1446	25.368421	21.909091	21.264706	15.548387
1460	24.745763	22.121212	20.857143	16.043956
1474	26.8	22	20.191781	15.680851
1488	26.571429	21.882353	20.666667	15.829787
1502	26.350877	22.088235	21.15493	15.978723
1517	25.711864	21.985507	21.366197	16.138298
1532	24.709677	22.529412	21.577465	16.473118
1547	27.140351	22.75	21.486111	15.785714
1562	26.931034	22.970588	21.108108	16.103093
1577	26.283333	22.855072	21.310811	16.091837
1592	25.677419	23.072464	21.513514	16.412371
1607	27.706897	22.957143	21.144737	16.07
1623	27.508475	23.185714	21.64	16.23
1639	26.868852	23.084507	21.853333	16.39
1655	26.269841	23.309859	21.493506	16.55
1671	28.322034	23.535211	21.423077	16.223301
1687	28.116667	23.109589	21.628205	16.378641
1703	27.467742	23.652778	21.833333	16.533981
1720	26.875	23.888889	21.5	16.699029
1737	28.95	23.794521	21.7125	16.386792
1754	28.754098	23.702703	22.202532	16.704762
1771	28.564516	23.932432	21.864198	16.866667
1788	27.090909	24.162162	22.074074	17.192308
1805	29.590164	24.066667	22.012195	16.559633
1823	29.403226	23.675325	21.963855	16.724771
1841	28.765625	23.909091	21.916667	16.889908
1859	29.983871	24.142857	21.870588	16.598214
1877	29.793651	24.064103	22.082353	16.758929
1895	29.609375	24.294872	22.294118	16.919643
1913	28.132353	24.21519	22.244186	17.234234
1932	30.666667	24.455696	22.206897	20.774194
1951	30.484375	24.3875	22.425287	20.755319
1970	29.402985	24.625	22.386364	21.182796
1989	31.078125	24.555556	22.1	20.936842
2008	31.375	24.487805	22.311111	21.361702
2028	30.727273	25.037037	22.285714	21.574468
2048	32	24.674699	22.26087	21.113402
2068	31.815385	24.915663	22.478261	21.319588
2088	31.164179	25.156627	22.212766	21.525773
2108	29.277778	25.39759	23.164835	21.958333
2129	32.257576	25.047059	22.410526	21.29
2150	31.617647	25	22.87234	21.5
2171	30.152778	25.244186	22.852632	21.929293
2192	32.235294	25.488372	22.597938	21.490196
2213	31.614286	25.732558	22.581633	21.910891
2235	30.202703	25.689655	23.041237	22.128713
2257	32.710145	25.647727	22.79798	21.292453
2279	32.098592	25.322222	23.020202	21.704762
2301	30.276316	25.853933	23.479592	21.914286
2324	33.2	25.538462	22.784314	21.518519
2347	32.150685	26.077778	23.009804	21.934579
2370	33.857143	26.043956	23.009709	21.351351
2393	33.236111	26.01087	23.23301	21.366071
2416	31.789474	26.26087	23.230769	21.571429
2440	33.888889	26.236559	22.803738	21.59292
2464	33.297297	26.494624	23.028037	22
2488	31.1	26.468085	23.252336	22.017699
2512	33.945946	26.442105	23.259259	21.470085
2537	32.525641	26.705263	23.275229	21.87069
2562	34.16	26.6875	23.081081	21.711864
2587	34.039474	26.670103	23.098214	21.923729
2612	32.65	26.653061	23.321429	22.135593
2638	34.710526	26.646465	23.553571	21.447154
2664	34.153846	26.909091	23.575221	21.836066
2690	35.394737	33.625	29.56044	21.869919
2716	34.820513	33.95	31.581395	22.081301
2743	33.048193	33.864198	31.528736	22.120968
2770	35.512821	33.780488	30.43956	21.472868
2797	34.109756	33.698795	30.736264	22.023622
2824	41.529412	33.619048	30.042553	21.557252
2852	40.169014	33.952381	31.340659	22.108527
2880	42.352941	33.882353	30.315789	26.666667
2908	40.957746	34.211765	30.610526	26.925926
2937	38.142857	34.151163	30.915789	26.459459
2966	41.774648	34.091954	30.57732	26.482143
2995	38.896104	34.825581	30.876289	27.227273
3024	42	33.977528	30.24	26.761062
3054	39.153846	34.314607	30.54	26.789474
3084	42.246575	34.651685	30.84	26.586207
3114	40.441558	34.6	30.831683	26.844828
3145	43.082192	34.944444	29.952381	26.428571
3176	41.246753	34.521739	29.962264	26.689076
3207	42.76	34.858696	29.971963	26.073171
3239	41.525641	34.827957	30.556604	26.333333
3271	43.039474	34.431579	30.009174	25.960317
3303	41.810127	34.40625	30.302752	26.424
3336	43.324675	34.391753	29.785714	26.0625
3369	42.1125	34.377551	30.080357	26.320312
3402	43.615385	34.363636	30.106195	25.969466
3436	42.419753	34.707071	30.678571	26.635659
3470	43.924051	34.356436	30.438596	25.895522
3504	42.216867	34.352941	30.736842	26.345865
3539	43.691358	34.028846	30.247863	26.214815
3574	41.55814	34.365385	30.288136	26.279412
3609	43.481928	34.371429	30.075	25.778571
3645	41.420455	34.714286	29.634146	26.035714
3681	43.821429	34.726415	29.926829	25.922535
3717	44.25	34.738318	30.219512	25.8125
3754	43.149425	35.084112	30.520325	25.889655
3791	44.6	34.779817	30.087302	25.789116
3828	42.533333	35.119266	30.380952	26.4
3866	43.931818	34.828829	29.968992	29.51145
3904	44.873563	34.857143	29.353383	29.134328
3943	43.811111	34.587719	29.646617	29.425373
3982	44.741573	34.626087	29.716418	28.855072
4021	42.326316	34.965217	30.007463	29.350365
4061	44.141304	42.302083	36.918182	29.427536
4101	45.566667	41.846939	36.616071	29.085106
4142	43.6	41.838384	36.982143	29.585714
4183	44.978495	41.83	37.017699	29.251748
4224	51.512195	41.821782	36.102564	29.131034
4266	48.477273	41.823529	36.152542	29.219178
4308	50.682353	42.235294	36.201681	28.72
4351	46.784946	41.836538	36.563025	29.201342
4394	48.822222	41.847619	36.016393	28.907895
4437	50.420455	41.858491	36.368852	28.811688
4481	51.505747	41.878505	35.563492	28.360759
4525	48.655914	41.513761	36.2	28.821656
4570	51.348315	41.171171	36.269841	28.5625
4615	51.853933	41.205357	35.5	28.140244
4661	48.552083	40.885965	36.131783	28.420732
4707	50.612903	41.289474	35.659091	28.355422
4754	51.11828	40.982759	34.955882	27.964706
4801	52.184783	40.686441	35.301471	33.340278
4849	49.989691	40.747899	35.137681	33.441379
4897	51.010417	40.471074	34.978571	32.865772
4945	51.510417	40.532787	35.070922	32.748344
4994	52.020833	40.601626	34.441379	32.640523
5043	50.43	41	34.77931	32.960784
5093	50.93	40.744	34.412162	32.647436
5143	51.43	40.496063	34.286667	32.345912
5194	51.94	40.578125	34.171053	32.061728
5245	49.018692	40.976562	34.966667	32.57764
5297	49.971698	40.435115	34.396104	32.496933
5349	51.432692	40.522727	34.288462	31.839286
5402	51.447619	46.973913	40.616541	31.776471
5456	51.961905	46.632479	39.536232	31.356322
5510	52.47619	46.302521	39.078014	31.129944
5565	49.247788	46.764706	40.326087	31.619318
5620	50.178571	47.226891	40.142857	31.573034
5676	55.106796	47.3	39.692308	31.359116
5732	56.752475	46.225806	39.531034	31.152174
5789	56.203883	46.312	39.380952	34.458333
5846	56.757282	46.768	39.234899	34.388235
5904	57.320388	46.125	39.099338	34.325581
5963	57.336538	45.869231	38.720779	34.270115
6022	57.352381	45.621212	38.356688	34.022599
6082	57.377358	45.729323	38.493671	33.788889
6142	53.877193	46.180451	38.873418	34.122222
6203	54.893805	45.610294	38.76875	34.082418
6265	54.95614	45.729927	38.913043	34.048913
6327	55.017391	45.517986	38.114458	33.47619
6390	55.086207	45.642857	38.263473	33.455497
6453	55.153846	45.765957	38.410714	33.609375
6517	55.228814	45.894366	37.889535	33.25
6582	54.85	45.708333	38.046243	33.242424
6647	54.933884	45.217687	37.553672	32.743842
6713	54.577236	45.053691	37.088398	32.587379
6780	54.24	52.55814	43.741935	37.458564
6847	54.34127	52.267176	43.611465	36.811828
6915	57.14876	51.222222	43.490566	36.394737
6984	57.245902	51.352941	42.585366	35.815385
7053	62.415929	51.108696	42.745455	35.621212
7123	61.93913	50.51773	42.909639	35.615
7194	61.487179	50.307692	42.568047	35.438424
7265	61.05042	50.451389	42.238372	35.439024
7337	60.636364	49.911565	42.410405	35.444444
7410	59.758065	50.408163	42.102273	35.118483
7484	58.46875	50.228188	42.282486	35.13615
7558	62.983333	50.05298	41.076087	34.199095
7633	62.056911	49.888889	41.037634	34.2287
7709	61.18254	49.416667	40.573684	37.975369
7786	60.356589	49.592357	40.552083	37.980488
7863	59.568182	49.45283	40.530928	37.802885
7941	62.039062	49.018519	40.106061	37.107477
8020	61.221374	49.202454	40.301508	36.958525
8100	60.902256	55.102041	46.022727	36.986301
8181	59.282609	54.54	45.960674	37.0181
8262	61.656716	54	45.646409	36.236842
8344	61.352941	53.832258	45.102703	36.121212
8427	60.192857	54.019231	44.587302	36.167382
8511	62.124088	53.528302	44.794737	36.217021
8596	65.618321	52.736196	44.082051	35.374486
8681	63.830882	53.257669	44.06599	37.580087
8767	62.177305	53.133333	43.835	38.117391
8854	65.585185	52.082353	43.615764	37.35865
8942	63.871429	52.292398	43.198068	37.258333
9031	65.919708	51.902299	42.800948	36.562753
9121	65.15	51.823864	42.821596	36.630522
9212	62.243243	51.752809	42.648148	36.848
9304	65.062937	51.120879	42.484018	36.202335
9397	63.067114	51.349727	42.139013	36.142308
9490	64.557823	57.168675	47.45	35.676692
9584	63.470199	57.73494	47.211823	35.761194
9679	64.526667	56.273256	47.214634	38.256917
9775	63.064516	56.178161	46.547619	38.789683
9872	69.034965	55.774011	46.347418	38.11583
9970	66.466667	56.011236	46.157407	37.908745
10069	68.033784	55.629834	45.561086	37.431227
10169	65.185897	55.568306	45.397321	37.523985
10270	67.565789	54.919786	45.04386	37.075812
10372	68.688742	55.170213	45.095652	36.780142
10475	67.147436	55.131579	44.764957	36.754386
10579	67.814103	54.251282	44.263598	39.770677
10684	65.546012	54.233503	44.33195	40.165414
10790	67.018634	59.285714	48.823529	39.379562
10897	67.68323	58.272727	48.431111	38.917857
11005	64.735294	57.921053	48.480176	39.024823
11115	66.160714	57.890625	47.909483	38.59375
11226	66.821429	57.865979	47.567797	38.57732
11338	71.759494	57.846939	47.241667	38.04698
11451	68.160714	58.126904	47.123457	37.917219
11565	68.431953	57.252475	46.633065	40.017301
11680	69.94012	56.97561	46.349206	39.863481
11796	70.634731	56.171429	45.898833	39.451505
11913	70.491124	56.193396	45.469466	39.1875
12032	70.362573	55.962791	45.233083	38.938511
12152	68.269663	59.862069	47.284047	38.824281
12273	68.183333	59.868293	47.203846	38.473354
12395	68.861111	59.879227	47.129278	38.256173
12518	68.78022	59.04717	46.535316	41.177632
12643	69.087432	58.804651	46.653137	41.316993
12769	71.735955	58.305936	46.264493	40.795527
12896	70.857143	58.09009	46.057143	40.3
13024	71.169399	57.884444	45.538462	39.95092
13154	70.72043	57.441048	45.047945	39.740181
13285	70.664894	57.262931	44.73064	39.421365
13417	70.246073	56.851695	44.427152	39.116618
13551	69.492308	61.595455	48.569892	41.440367
13686	68.773869	61.372197	48.704626	41.472727
13822	68.425743	60.889868	48.160279	41.014837
13960	70.862944	60.960699	47.482993	40.230548
14099	73.432292	59.489451	47.312081	40.053977
14239	72.647959	59.329167	46.993399	39.662953
14381	71.547264	59.18107	47.15082	39.61708
14524	70.84878	59.281633	46.851613	42.592375
14669	72.9801	58.442231	45.984326	41.555241
14815	72.980296	63.857759	50.220339	41.732394
14963	71.593301	63.135021	50.043478	41.334254
15112	72.653846	62.705394	49.224756	40.843243
15263	71.995283	62.553279	49.235484	40.593085
15415	70.711009	62.408907	48.781646	42.700831
15569	75.21256	61.054902	48.350932	41.739946
15724	73.476636	60.945736	48.085627	41.708223
15881	74.910377	60.614504	47.124629	40.825193
16039	73.912442	60.296992	46.897661	40.708122
16199	74.307339	63.52549	49.996914	40.19603
16360	73.363229	63.410853	49.878049	42.273902
16523	73.763393	63.306513	49.618619	41.619647
16688	71.931034	62.736842	49.372781	41.61596
16854	73.278261	62.88806	48.852174	41.308824
17022	74.331878	62.351648	48.634286	41.115942
17192	74.424242	61.4	48.292135	40.54717
17363	75.820961	61.137324	47.831956	42.556373
17536	75.91342	64.948148	51.125364	42.153846
17711	74.729958	64.638686	51.485465	42.068884
17888	74.533333	64.811594	50.962963	41.69697
18066	74.652893	63.612676	50.183333	41.15262
18246	74.778689	63.134948	49.447154	43.033019
18428	74.306452	62.894198	49.671159	43.056075
18612	74.746988	62.456376	48.978947	42.493151
18798	75.192	62.039604	48.448454	42.147982
18985	75.94	65.692042	51.449864	41.54267
19174	74.317829	64.99661	51.543011	41.592191
19365	75.644531	64.55	51.094987	43.225446
19558	75.223077	64.335526	50.148718	42.517391
19753	77.462745	63.719355	49.755668	42.297645
19950	76.730769	63.535032	49.259259	41.823899
20149	76.033962	62.574534	49.143902	41.889813
20350	75.650558	66.071429	52.720207	43.952484
20553	77.558491	65.875	51.640704	42.997908
20758	76.316176	65.0721	51.128079	42.62423
20965	73.820423	64.907121	50.762712	42.353535
21174	76.717391	63.777108	50.655502	43.838509
21385	77.202166	63.269231	50.081967	43.114919
21598	76.049296	66.251534	52.678049	42.853175
21813	75.739583	65.900302	52.184211	42.603516
22031	75.44863	65.568452	51.594848	42.204981
22251	74.667785	65.252199	51.269585	43.887574
22473	76.438776	64.025641	50.843891	43.38417
22697	77.729452	64.115819	50.550111	43.068311
22923	76.665552	67.420588	51.861991	42.21547
23152	75.168831	66.528736	51.334812	44.099048
23383	76.415033	65.315642	50.612554	42.983456
23616	75.450479	65.237569	49.928118	42.551351
23852	73.390769	64.291105	49.280992	41.919156
24090	79.50495	63.899204	49.567901	41.895652
24330	79.250814	67.024793	51.437632	41.518771
24573	77.031348	66.956403	50.875776	41.160804
24818	76.128834	65.48285	50.960986	40.552288
25066	74.823881	64.437018	49.537549	41.776667
25316	72.956772	61.746341	48.77842	41.030794
25569	77.247734	65.393862	50.732143	40.521395
25824	74.635838	62.985366	49.757225	40.287051
26082	74.948276	61.805687	48.842697	41.33439
26342	73.172222	60.836028	48.422794	41.159375
26605	71.905405	60.465909	47.764811	40.742726
26871	74.849582	59.580931	47.813167	40.407519
27139	76.019608	63.113953	48.899099	40.810526
27410	73.881402	62.295455	48.513274	40.971599
27684	73.238095	61.52	48.739437	40.473684
27960	72.248062	60.129032	48.541667	42.045113
28239	77.367123	64.472603	49.629174	41.164723
28521	75.055263	62.821586	49.174138	40.802575
28806	74.626943	62.081897	48.494949	41.68741
29094	72.735	59.618852	47.617021	40.977465
29384	71.320388	58.533865	47.165329	40.529655
29677	71.167866	61.316116	48.65082	40.049933
29973	70.194379	59.946	47.651828	41.171703
30272	69.272311	57.992337	47.226209	40.201859
30574	68.705618	57.254682	46.677863	40.12336
30879	68.015419	56.867403	45.950893	40.845238
31187	71.041002	58.07635	47.039216	40.397668
31498	69.685841	57.478102	46.663704	40.073791
31812	69.610503	56.007042	46.171263	40.732394
32130	68.653846	55.301205	45.834522	40.415094
32451	70.545652	58.47027	46.558106	40.062963
32775	70.032051	58.21492	46.555398	41.122961
33102	69.983087	56.681507	45.657931	40.967822
33433	68.510246	55.261157	44.816354	39.848629
33767	67.399202	57.919383	47.693503	41.179268
34104	67.133858	56.934891	46.975207	41.23821
34445	68.207921	56.374795	46.172922	40.005807
34789	66.138783	55.484848	45.654856	40.736534
35136	66.545455	56.76252	46.723404	40.339839
35487	64.521818	56.870192	46.693421	40.464082
35841	65.284153	56.710443	46.186856	41.675581
36199	64.756708	56.035604	45.76359	41.323059
36560	64.479718	57.665615	46.992288	41.87858
36925	64.780702	57.515576	46.505038	40.982242
37294	63.969125	56.677812	45.815725	41.027503
37666	64.386325	57.593272	46.9066	41.804661
38042	64.918089	56.949102	46.449328	41.082073
38422	64.902027	56.419971	46.014371	41.945415
38806	64.569052	56.15919	45.654118	41.415155
39194	62.810897	56.720695	46.002347	40.699896
39585	63.641479	56.388889	45.447761	41.191467
39980	63.66242	56.548798	45.483504	41.516096
40379	63.890823	58.015805	46.897793	42.061458
40782	64.733333	57.35865	46.290579	41.028169
41189	65.483307	56.269126	46.072707	41.23023
41600	64.898596	56.292287	45.714286	41.22894
42016	63.564297	57.086957	45.868996	41.435897
42436	64.689024	56.884718	45.827214	42.015842
42860	63.122239	55.880052	45.115789	41.692607
43288	63.565345	57.032938	46.149254	42.273438
43720	64.962853	56.340206	45.97266	41.797323
44157	63.262178	55.68348	45.150307	41.423077
44598	62.90268	57.103713	46.553236	41.99435
45043	62.646732	56.944374	45.868635	41.022769
45493	64.346535	56.025862	45.675703	41.622141
45947	63.200825	57.006203	46.505061	41.88423
46406	64.722455	57.150246	45.855731	41.433929
46870	63.509485	56.537998	45.197686	41.699288
47338	63.711978	57.379394	45.959223	41.818021
47811	63.663116	56.380896	46.060694	41.394805
48289	65.167341	56.478363	45.256795	41.844887
48771	65.201872	57.17585	46.581662	40.812552
49258	63.640827	57.343423	46.426013	41.393277
49750	63.946015	57.64774	47.111742	41.77162
50247	63.684411	57.821634	45.804011	41.8725
50749	63.515645	56.576366	45.63759	41.52946
51256	63.357231	57.461883	46.135014	41.570154
51768	64.069307	56.825467	45.934339	41.053132
52285	63.762195	57.079694	46.106702	41.496032
52807	63.853688	57.775711	46.403339	41.910317
53335	63.950839	57.287863	45.702656	42.062303
53868	64.823105	58.235676	46.760417	41.888025
54406	64.158019	56.732013	46.224299	41.915254
54950	65.183867	56.47482	45.563847	40.91586
55499	65.292941	58.42	46.755687	40.53981
56053	63.408371	57.138634	46.40149	41.428677
56613	65.372979	57.70948	47.099002	40.553725
57179	64.246067	57.814965	46.261327	40.92985
57750	65.550511	56.952663	46.274038	41.161796
58327	64.166117	57.23945	46.328038	41.075352
58910	64.032609	56.862934	46.42238	41.456721
59499	64.25378	57.486957	46.447307	41.118867
60093	65.035714	57.014231	46.61986	41.615651
60693	64.293432	57.747859	46.579432	40.981094
61299	63.853125	57.128611	46.19367	41.085121
61911	65.100946	57.752799	46.514651	41.082283
62530	65.203337	57.419651	46.525298	40.842587
63155	63.664315	56.590502	45.698263	40.509942
63786	65.287615	57.258528	47.005158	41.312176
64423	65.27153	56.66051	46.38085	41.536428
65067	65.657921	57.479682	46.810791	40.641474
65717	65.39005	56.701467	46.052558	40.818012
66374	64.378274	57.466667	46.545582	40.820418
67037	64.027698	57.790517	46.136958	41.126994
67707	64.544328	58.217541	46.986121	40.83655
68384	65.439234	57.225105	46.14305	41.646772
69067	64.248372	57.700084	47.112551	40.603762
69757	63.588879	57.13104	46.227303	41.546754
70454	64.755515	58.322848	47.09492	41.590319
71158	64.984475	57.805037	46.660984	41.882284
71869	65.573905	57.772508	46.487063	40.881115
72587	65.630199	58.870235	46.890827	41.644865
73312	65.632945	58.137986	46.87468	41.797035
74045	65.584588	58.953025	47.464744	41.809712
74785	65.658472	58.153188	47.005028	41.570317
75532	64.118846	58.101538	47.266583	41.730387
76287	65.314212	57.836998	46.403285	41.98514
77049	65.075169	58.681645	46.895313	41.693182
77819	64.313223	57.304124	46.155991	41.569979
78597	64.42377	57.622434	46.783929	40.957269
79382	64.381184	57.985391	46.667842	41.173237
80175	65.129976	58.224401	46.885965	41.998428
80976	65.514563	58.763425	47.133877	42
81785	65.849436	58.292944	46.363379	42.288004
82602	65.557143	57.763636	46.56257	41.760364
83428	65.691339	58.752113	47.081264	41.260138
84262	64.126332	57.47749	46.246981	42.046906
85104	65.666667	57.736771	46.606791	41.493905
85955	65.06813	57.341561	46.311961	40.989509
86814	64.738255	57.454666	46.449438	41.597508
87682	65.728636	58.02912	46.639362	41.673954
88558	64.079595	57.505195	46.781828	41.911027
89443	65.718589	57.705161	46.51222	42.031485
90337	65.604212	58.01991	46.782496	41.438991
91240	65.498923	58.11465	46.408952	42.084871
92152	64.307048	58.066793	46.801422	41.754418
93073	65.590557	57.630341	46.653133	41.073698
94003	65.644553	57.109964	46.421235	41.594248
94943	65.613683	58.175858	47.048067	41.623411
95892	64.270777	57.558223	46.640078	41.190722
96850	64.224138	58.09838	47.428991	41.195236
97818	64.566337	58.259678	46.491445	41.892077
98796	65.471173	58.667458	47.316092	41.880458
99783	65.60355	58.013372	47.335389	41.318012
100780	65.526658	58.35553	47.071462	41.974177
101787	65.711427	58.599309	46.777114	41.750205
102804	65.731458	58.745143	47.353293	41.722403
103832	65.38539	58.761743	47.390233	42.311328
104870	64.219228	58.325918	47.090256	42.371717
105918	64.309654	57.815502	46.742277	41.7
106977	64.173365	58.649671	46.878615	42.367129
108046	65.721411	57.933512	46.956106	42.288063
109126	64.229547	59.178959	47.508054	41.492776
110217	65.527348	58.501592	47.671713	41.46614
111319	64.532754	58.681603	46.772689	42.102496
112432	64.027335	58.772608	47.200672	41.579882
113556	65.753329	58.806836	47.236273	41.489222
114691	64.687535	59.027792	47.392975	42.103891
115837	64.211197	59.010188	47.107361	42.122545
116995	65.616938	58.322532	47.636401	41.502306
118164	66.050307	57.810176	47.398315	42.216506
119345	64.406368	58.703886	46.93079	42.067325
120538	64.424372	58.034665	47.530757	42.043251
121743	64.688098	58.898403	47.555859	41.951413
122960	66.143088	58.832536	47.529957	41.596752
124189	65.847826	58.222691	47.636747	41.913264
125430	65.601464	58.749415	47.782857	41.935807
126684	64.371951	59.170481	47.84139	41.198049
127950	64.458438	58.397992	47.266347	42.061144
129229	64.389138	58.395391	47.33663	41.971095
130521	65.98635	59.300772	47.410461	41.76672
131826	65.945973	59.595841	47.780355	41.996177
133144	65.847676	58.679595	47.298046	42.014516
134475	64.68254	58.594771	47.267135	41.453453
135819	66.059825	59.283719	47.840437	42.049226
137177	64.523518	58.522611	47.172283	41.8989
138548	66.132697	59.462661	47.84116	42.188794
139933	66.068461	59.26853	47.823992	42.059814
141332	64.742098	58.643983	47.07928	41.556013
142745	64.825159	58.598112	47.141678	42.132527
144172	64.854701	58.606504	47.192144	41.825355
145613	64.688139	59.216348	47.632646	42.194436
147069	66.009425	58.5	47.625972	41.462926
148539	65.754316	59.108237	47.140273	41.272298
150024	65.944615	58.971698	47.641791	42.10609
151524	65.937337	59.004673	47.559322	41.915353
153039	65.851549	58.929149	47.045496	41.89406
154569	65.970551	58.70452	47.413804	42.255057
156114	65.92652	59.40411	47.422236	41.48658
157675	64.567977	59.209538	47.823779	42.125301
159251	66.134136	59.04746	47.325706	42.063127
160843	65.70384	58.318709	47.855698	42.083464
162451	65.822934	59.03016	47.141904	41.664786
164075	64.698344	58.61915	47.765648	41.527461
165715	65.759921	59.226233	47.198804	41.921326
167372	66.024458	59.121159	47.630051	42.287014
169045	64.817868	59.00349	47.048427	42.516348
170735	65.869985	59.44812	47.33435	41.652842
172442	64.901016	59.380854	47.701798	42.327442
174166	65.549868	59.059342	47.729789	42.304105
175907	64.553028	58.753173	47.046537	41.773213
177666	65.72919	58.442763	47.239032	41.646976
179442	66.019868	58.317192	47.283794	42.172033
181236	65.951965	59.227451	47.631012	42.16752
183048	66.273715	59.009671	47.818182	41.554597
184878	64.552374	58.728717	47.247125	41.639189
186726	64.588724	58.626688	47.585627	42.131318
188593	65.941608	59.530619	47.636524	41.668802
190478	65.614192	59.283536	47.124691	41.589083
192382	64.622775	58.796455	47.349742	42.300352
194305	64.919813	58.578535	47.172857	41.876078
196248	64.918293	59.577413	47.414351	41.613232
198210	66.003996	59.149508	47.646635	42.26226
200192	66.091779	59.26347	47.574144	41.819929
202193	65.055663	58.691727	47.901682	41.922662
204214	65.11926	58.447052	47.624534	42.192975
206256	65.70755	58.678805	47.546335	41.592257
208318	65.653325	59.349858	47.53948	41.538983
210401	66.059969	59.251197	47.591269	41.47467
212505	64.669811	59.325796	47.678932	42.113555
214630	64.434104	59.339231	47.181798	42.142156
216776	65.949498	59.53749	47.155971	41.377362
218943	65.630396	58.525261	46.973396	42.22623
221132	66.108221	59.444086	47.688592	42.208818
223343	64.419671	59.526386	47.682109	41.521286
225576	65.880841	59.299685	47.539726	42.132238
227831	65.600633	58.916731	47.238441	41.66624
230109	64.72827	58.746234	47.230911	42.221835
232410	65.838527	59.31853	47.056084	42.317917
234734	65.955044	59.471497	47.642379	42.233537
237081	65.874132	59.181478	47.274377	41.542141
239451	64.821603	58.862094	47.322332	42.156866
241845	66.05982	58.586483	47.124903	42.089279
244263	65.892366	59.388038	47.61462	42.187047
246705	66.140751	59.518697	47.801783	42.222317
249172	64.686397	59.582018	47.724957	42.033063
251663	66.122701	59.579309	47.225183	41.610946
254179	66.020519	59.624443	47.262737	42.103528
256720	65.124302	59.64684	47.374054	41.533732
259287	64.77317	58.609177	47.636781	41.605745
261879	65.749184	58.717265	47.657689	41.614333
264497	65.828024	59.330866	47.063523	42.130774
267141	64.620464	58.62212	47.114815	41.669162
269812	65.109073	59.208251	47.477037	42.177896
272510	65.586041	59.305767	47.641608	41.950431
275235	65.908764	59.587573	47.602041	42.059138
277987	65.224542	58.684188	46.941405	41.397915
280766	65.614863	59.396234	47.466779	42.106479
283573	65.0546	58.674322	47.23068	42.035725
286408	65.689908	59.668333	47.663172	42.081693
289272	65.475781	59.570016	47.06671	42.100422
292164	65.244305	59.540249	47.039768	42.116765
295085	65.371068	58.770165	47.571336	42.179102
298035	65.588688	59.393185	47.556247	42.15488
301015	64.182303	59.3133	47.004216	42.017728
304025	65.38172	58.737442	47.026295	42.038855
307065	65.430428	58.63376	46.973382	41.94877
310135	64.037786	59.344623	46.897777	42.080733
313236	65.230321	59.607231	47.546448	42.067687
316368	65.378797	59.445321	47.495571	41.420267
319531	63.804113	58.565066	46.913963	41.665276
322726	65.276294	58.581594	47.244327	42.098356
325953	65.112465	58.582495	46.933477	41.480402
329212	65.177589	58.557809	47.443724	41.996683
332504	65.196863	58.570372	47.507358	42.067814
335829	65.298269	59.407217	47.4	42.010133
339187	65.115569	59.42309	47.445377	42.082754
342578	64.956011	59.177405	46.832262	41.449244
346003	65.087096	58.565166	47.197245	42.195488
349463	65.113285	58.575763	47.526588	42.038133
352957	64.60864	59.300571	47.510701	41.485308
356486	64.405781	58.622924	46.961665	42.028531
360050	64.363604	59.355424	46.844913	42.195008
363650	65.076951	59.352048	46.892328	42.021031
367286	64.132356	58.700016	47.465236	41.975543
370958	64.818801	59.534264	47.443151	42.020616
374667	63.653925	58.486887	46.780747	41.9842
378413	64.730243	59.330981	47.360826	42.031878
382197	64.812108	59.448903	47.120824	42.013521
386018	64.69214	58.531918	47.404888	41.404913
389878	64.474616	58.531452	46.899796	41.401508
393776	64.840441	58.415072	47.334535	41.828766
397713	63.725845	58.42706	47.223106	41.295089
401690	63.428075	58.444638	46.817016	41.270934
405706	64.674956	58.960326	46.973023	41.838301
409763	63.35235	58.882454	47.338609	41.95812
413860	63.36855	58.454802	47.233508	41.812487
417998	64.446192	59.156241	46.960791	41.904561
422177	64.533323	58.40047	46.913768	41.345314
426398	64.381398	59.066076	47.330225	41.405904
430661	64.010256	58.970423	47.211248	41.876799
434967	63.341634	58.361331	46.730447	41.85192
439316	64.671868	59.01612	46.661285	41.756107
443709	63.278523	59.192769	47.364325	41.847496
448146	64.54645	58.550562	46.769568	41.159625
452627	64.476781	58.790362	47.227358	41.847911
457153	64.487657	59.262769	46.719775	41.188666
461724	63.493399	58.431283	46.652925	41.641775
466341	64.005078	58.874006	46.826087	41.185287
471004	63.154197	58.568018	47.227915	41.722385
475714	64.216253	58.977684	46.275681	41.084204
480471	64.414935	59.12034	46.783934	40.311352
485275	64.462673	59.107795	46.954523	41.476496
490127	64.371815	59.023001	46.466344	40.422845
495028	63.825168	59.051414	46.307577	40.370902
499978	64.00128	59.05717	46.483637	41.313667
504977	63.631174	58.264336	46.268737	40.766691
510026	63.153294	59.092342	46.81285	40.775983
515126	63.066357	58.324955	46.672647	41.183722
520277	63.689191	58.261702	46.391173	40.561082
525479	64.37327	58.956468	46.363067	41.014596
530733	64.237836	59.121421	46.781225	40.853899
536040	64.111948	59.067769	46.32616	41.056985
541400	64.421704	59.091901	46.444197	41.012045
546814	60.960312	57.354101	45.363697	40.480752
552282	61.282956	57.05982	44.970442	40.303729
557804	62.095514	56.641348	45.133425	40.196296
563382	61.693167	56.570138	45.507431	40.121208
569015	61.789011	56.477916	45.077636	40.525247
574705	60.015142	55.683073	44.113064	39.686831
580452	59.302411	54.868324	44.073804	39.116652
586256	56.796745	54.022853	43.180084	38.683999
592118	55.965784	53.546573	43.041215	38.99618
598039	58.152373	52.089452	43.145444	39.128435
604019	55.262489	52.509693	42.150663	38.272652
610059	55.907166	52.035056	42.020871	38.467684
616159	56.342264	53.21349	41.810341	39.185894
622320	54.791337	51.70059	41.15873	37.746103
628543	54.175401	51.697894	41.537338	37.950912
634828	54.106196	51.958422	42.691863	38.530469
641176	54.614651	51.467009	41.414288	38.495197
647587	56.31681	52.998363	42.00746	38.39828
654062	55.674328	52.112342	41.273553	38.401949
660602	53.390609	50.690761	40.980273	38.097001
667208	53.642708	50.765274	40.935518	38.285878
673880	53.657138	50.839683	42.030811	38.631048
680618	56.515652	52.198635	42.22196	37.26555
687424	53.924067	50.360733	40.678383	37.283002
694298	53.276397	51.948971	42.397289	37.770536
701240	54.745882	50.954803	42.108929	37.690943
708252	55.492596	51.505491	40.772091	38.067831
715334	54.873734	52.275212	41.992016	38.335155
722487	55.109611	52.176428	41.907599	37.935784
729711	54.160989	51.701219	42.153024	37.818658
737008	55.276982	51.416771	41.875455	37.861297
744378	55.298863	51.329334	42.380893	37.995916
751821	55.078462	51.551083	42.125904	38.51542
759339	55.584437	51.330967	42.012781	37.813804
766932	55.410158	51.78474	40.642925	38.379222
774601	54.784709	51.389969	42.595601	38.157685
782347	55.758463	51.544802	42.318765	38.170716
790170	54.85387	52.353409	42.104226	38.693991
798071	54.993867	51.93408	42.107898	38.21813
806051	55.114598	52.429491	42.001511	38.176139
814111	55.111766	51.742151	42.436979	38.394218
822252	53.192651	51.135075	41.546764	37.849936
830474	52.465348	50.131233	41.059725	37.950647
838778	52.231023	49.761391	40.74309	37.514111
847165	51.938263	49.965497	39.611212	37.2954
855636	53.231056	49.593462	39.658679	37.2048
864192	54.300471	50.095183	40.927871	36.48535
872833	50.707779	49.847687	40.442637	36.900017
881561	51.164306	48.861601	39.75831	37.176275
890376	50.875721	48.466387	39.681612	35.660686
899279	49.45985	45.450268	37.080612	34.90177
908271	48.430788	45.415821	37.072286	36.391979
917353	49.785792	46.777472	37.354548	36.166095
926526	48.705567	46.620006	37.009227	35.272042
935791	48.471511	46.198213	38.15506	35.222486
945148	49.093497	43.89504	38.163127	35.494517
954599	48.165851	46.640885	38.329613	35.290166
964144	48.866903	45.681039	37.796229	35.73021
973785	48.214339	45.538019	37.903741	35.320457
983522	47.455826	45.518675	34.975889	33.785236
993357	47.442783	45.462563	37.289575	34.748557
1003290	46.149494	44.38158	36.665936	34.638011
1013322	46.60023	44.220903	36.497695	34.530157
1023455	45.006816	43.789791	36.430961	32.72438
1033689	46.312231	43.943757	35.975673	33.791729
1044025	44.679462	43.214744	35.793507	32.199143
1054465	45.026047	43.02885	35.65152	33.69436
1065009	44.200415	40.269558	34.432881	32.818989
1075659	43.990635	41.569756	35.674549	33.342395
1086415	44.120167	41.431432	32.048586	31.643463
1097279	40.909664	39.818522	35.083738	32.002771
1108251	42.694006	41.041773	34.550786	33.075208
1119333	39.602781	40.6439	33.047919	33.16051
1130526	38.905843	37.843141	32.725236	31.23604
1141831	41.393185	37.482553	32.633999	33.082167
1153249	39.313073	37.585927	30.858637	32.923633
1164781	40.31221	36.927937	30.23285	30.553236
1176428	37.959086	35.879834	30.000204	30.913075
1188192	37.75274	38.558884	32.310654	31.499483
1200073	38.896477	37.838094	29.018111	31.64666
1212073	39.152174	37.123216	31.937841	30.619502
1224193	35.124466	35.106335	30.953829	31.574966
1236434	37.29816	33.964235	31.933521	28.387877
1248798	33.994773	33.624071	29.968035	30.663409
1261285	33.7251	36.152402	30.778062	30.307694
1273897	35.840001	35.199276	30.582825	30.441049
1286635	36.166831	34.235405	30.29943	30.194903
1299501	35.588142	34.286721	30.613951	30.104735
1312496	34.892888	34.127148	29.237397	29.893318
1325620	34.711181	33.938913	29.313608	28.974034
1338876	34.124532	33.547382	29.750817	29.022088
1352264	31.368485	33.493436	29.643211	29.047838
1365786	33.305355	32.912885	29.405258	29.202805
1379443	32.962389	30.896656	29.006708	27.813594
1393237	32.429519	31.065755	28.928138	28.578634
1407169	32.329389	32.131548	28.740023	28.587632
1421240	32.380388	31.940131	28.80853	28.242916
1435452	31.592834	31.337641	27.988613	28.278082
1449806	31.433471	31.036457	28.234357	28.104641
1464304	31.56712	31.035225	28.334604	27.927145
1478947	31.200097	30.841595	28.050736	27.590236
1493736	30.798045	30.079259	27.938054	27.851062
1508673	30.432747	30.348266	27.851225	27.715637
1523759	30.011207	30.179422	27.618339	27.469966
1538996	30.010452	29.722971	27.361388	27.22393
1554385	29.77692	29.435207	27.28092	27.223108
1569928	29.744752	29.413171	26.79561	26.881408
1585627	29.512117	29.399396	26.335819	26.778359
1601483	29.501934	29.323135	27.198176	26.885858
1617497	29.310978	29.112093	27.099653	26.902237
1633671	27.620522	28.751184	27.028291	26.996133
1650007	28.97138	28.803977	26.762801	26.700871
1666507	28.894289	28.786482	26.204588	26.718404
1683172	28.866914	28.772663	26.898044	26.512491
1700003	28.738598	28.506322	26.687226	26.536425
1717003	28.599081	28.477178	26.730023	26.47
1734173	28.670651	28.549817	26.756561	26.465418
1751514	28.126831	28.399552	26.681199	26.439144
1769029	28.503303	28.335293	26.627166	26.413274
1786719	28.261927	28.135978	25.364039	25.722621
1804586	28.09875	27.942554	26.349322	26.271451
1822631	28.031852	27.955321	26.410349	26.10733
1840857	27.895999	27.708727	26.196166	26.036108
1859265	27.609293	27.544667	26.089089	25.991347
1877857	27.40277	27.497869	26.061439	25.932237
1896635	27.448479	27.382695	26.069151	25.928734
1915601	27.36651	27.356349	25.691729	25.83065
1934757	27.16516	26.964127	25.971287	25.555178
1954104	27.256172	26.960968	25.787901	25.807996
1973645	27.262549	27.26029	25.703523	25.691812
1993381	27.105341	27.15223	25.860525	25.670697
2013314	27.087614	26.901936	25.319609	25.21907
2033447	27.080131	27.028658	25.681321	25.60307
2053781	26.974454	26.968433	25.689924	25.575714
2074318	26.918569	26.824234	25.708206	25.333635
2095061	26.981519	26.880779	25.936356	25.3097
2116011	27.012332	26.871005	25.705638	25.070329
2137171	26.931096	26.682618	25.640924	25.618794
2158542	26.893363	26.888673	25.690506	25.56333
2180127	26.927448	26.879309	25.660024	25.541579
2201928	26.872443	26.877692	25.622286	25.591018
2223947	26.921365	26.864454	25.710073	25.422348
2246186	26.778565	26.75783	25.686256	25.281506
2268647	26.855521	26.726124	25.657623	25.5323
2291333	26.9119	26.791383	25.707187	25.450772
2314246	26.908273	26.759858	25.713273	25.009413
2337388	26.870235	26.899612	25.701681	25.452039
2360761	26.879366	26.88702	25.711869	25.346099
2384368	26.518318	26.724591	25.567162	24.856068
2408211	26.65513	26.870757	25.703486	25.411111
2432293	26.864292	26.887753	25.54554	25.19049
2456615	26.823626	26.81455	25.400033	25.34291
2481181	26.957638	26.840698	25.689358	25.337306
2505992	26.935145	26.499646	25.021637	24.942441
2531051	26.917484	26.857502	25.73357	25.268816
2556361	25.934736	25.939999	25.57819	25.524303
2581924	26.88972	26.824906	25.379664	25.180659
2607743	26.205839	26.477774	25.705979	25.06433
2633820	26.762928	26.690785	25.395518	25.409974
2660158	26.848587	26.757308	25.700271	25.414227
2686759	26.880762	26.799252	25.521097	25.30024
2713626	26.66011	26.758167	24.241357	24.922632
2740762	26.272894	26.78749	25.666891	25.384477
2768169	26.81295	26.535871	25.502501	25.356267
2795850	26.678467	27.159732	25.280762	25.180125
2823808	26.561517	26.693841	25.395784	25.412696
2852046	26.767459	26.476476	25.550015	25.384463
2880566	26.323126	25.962974	25.148996	25.307638
2909371	26.747918	26.67239	25.493739	25.313626
2938464	26.704084	25.675326	24.564578	24.949599
2967848	26.035353	26.426442	25.421846	25.392048
2997526	26.487165	26.364393	25.93958	25.248703
3027501	27.257594	27.752069	26.312596	25.970637
3057776	27.729145	27.423016	26.181158	25.715478
3088353	27.595277	27.371008	25.462343	25.55695
3119236	27.259139	27.319542	25.261676	25.78904
3150428	27.062975	27.016096	25.780284	25.565016
3181932	27.116274	27.00443	25.874415	25.670058
3213751	26.968238	26.840531	25.05751	25.580469
3245888	26.258893	26.912263	25.537864	24.84605
3278346	26.390601	26.134357	24.694708	24.159311
3311129	26.86885	26.728088	25.824616	25.613858
3344240	26.99602	26.686457	25.778264	25.663331
3377682	26.885951	26.854742	25.432054	25.547662
3411458	26.772492	26.878594	25.678442	25.590605
3445572	26.845127	26.761932	25.59385	25.386795
3480027	26.811925	26.718468	25.614425	25.372395
3514827	26.78739	26.698065	25.599614	25.223195
3549975	26.573658	26.508374	25.56569	25.507092
3585474	26.629289	26.505859	25.488729	25.174824
3621328	26.541348	25.68591	25.037009	25.101221
3657541	26.32385	26.328019	25.360493	25.19627
3694116	26.328808	26.340447	25.366972	25.141329
3731057	26.515745	26.418303	24.951562	25.159865
3768367	25.90762	26.333802	24.977908	24.176656
3806050	25.943383	26.319957	25.219324	24.540279
3844110	25.697812	25.754455	25.028387	23.146692
3882551	25.359079	25.382786	22.470027	22.86207
3921376	25.411667	25.260576	24.730401	24.209163
3960589	25.285951	25.301943	22.747364	23.602752
4000194	25.319607	25.290632	24.141766	22.58848
4040195	25.274756	25.397253	24.35804	23.987383
4080596	25.253713	25.305865	24.149825	23.619207
4121401	25.425837	25.367463	23.915055	23.953139
4162615	25.099279	25.37561	21.84171	23.102408
4204241	25.11494	25.387929	23.964392	24.206823
4246283	25.191672	24.658732	23.347004	22.87449
4288745	24.869643	25.339255	24.508655	24.152827
4331632	25.476442	25.375997	24.079337	23.838291
4374948	25.035611	24.782607	22.922409	23.400324
4418697	24.903047	25.010737	22.50178	23.242844
4462883	25.355561	25.205057	24.235832	24.154374
4507511	25.181204	25.08493	24.30174	23.809582
4552586	25.174245	24.815548	23.732398	23.685479
4598111	24.962465	25.162314	24.016291	23.775134
4644092	25.029734	24.563857	23.55721	23.682989
4690532	24.992711	24.755675	23.763246	23.582126
4737437	24.420156	24.715214	23.518907	23.691923
4784811	24.878002	24.826498	23.529813	23.484772
4832659	24.636187	24.654285	23.635861	23.529985
4880985	24.582905	24.16389	23.106239	23.239798
4929794	24.36319	24.03359	23.336082	22.945069
4979091	24.611439	24.029666	23.264824	23.453753
5028881	24.381626	24.120722	23.211898	23.392755
5079169	24.2232	24.488662	22.493209	22.486437
5129960	24.068161	23.759385	22.884546	22.718138
5181259	23.463934	23.814544	22.474544	22.487908
5233071	24.120981	23.450702	22.992908	21.997675
5285401	23.453875	23.454187	22.402981	22.803918
5338255	23.624151	23.738766	22.257104	22.617137
5391637	23.451587	23.517257	21.646814	21.702667
5445553	23.319029	23.701771	21.455572	21.564155
5500008	23.135913	23.042377	22.198039	21.948147
5555008	22.770066	22.780431	21.139467	21.260015
5610558	21.607075	21.588535	19.35623	19.828096
5666663	22.224474	21.726586	21.038288	20.882301
5723329	22.676169	22.275136	20.336671	20.655648
5780562	22.091545	22.322651	20.388192	20.237016
5838367	21.698401	21.926986	20.590691	19.721348
5896750	21.148342	22.266255	21.513134	20.620242
5955717	21.606868	21.888937	19.785384	20.041583
6015274	21.756555	21.918437	19.870095	19.833015
6075426	21.294645	20.047338	18.331888	18.255761
6136180	20.911975	21.216159	19.168973	19.831297
6197541	20.578693	20.712668	19.6443	19.520675
6259516	20.838033	20.850944	18.285783	17.637656
6322111	20.44945	20.533268	18.474523	19.201435
6385332	20.313651	20.465152	18.514112	19.3785
6449185	20.260514	20.067725	18.698384	18.451495
6513676	19.711712	20.038442	17.323837	17.642198
6578812	19.7154	19.250702	17.898315	17.384764
6644600	18.374537	18.871343	17.460518	17.41786
6711046	18.244867	19.178691	16.888955	17.474179
6778156	18.846796	18.794173	16.949797	16.827221
6845937	17.344835	17.509999	16.142195	17.261479
6914396	18.146306	18.577697	16.573932	17.245334
6983539	17.649417	18.611703	17.014431	16.968954
7053374	17.950485	18.538338	15.710893	17.220151
7123907	17.927732	18.831768	15.621507	16.509136
7195146	17.63862	17.994478	16.308719	17.162356
7267097	17.767572	18.129082	15.390914	16.252652
7339767	17.459631	17.151794	16.172979	15.521153
7413164	17.019025	16.817408	14.528522	15.791269
7487295	16.84844	17.404543	15.531229	15.884889
7562167	17.118735	17.784003	15.799279	15.283033
7637788	15.922142	16.838157	14.754363	14.696815
7714165	16.59235	16.530731	13.209571	14.581137
7791306	16.001466	16.266148	14.558155	14.448921
7869219	15.972434	16.244151	13.748026	14.795826
7947911	15.701159	15.306934	14.238796	14.732868
8027390	14.997935	15.40751	13.911781	14.493746
8107663	15.387772	15.258898	13.537319	14.141848
8188739	15.001894	14.363739	12.40906	13.725125
8270626	14.718904	15.397753	12.149482	14.119286
8353332	14.763258	15.006462	12.262366	13.705693
8436865	14.487047	14.396815	12.490307	13.41491
8521233	14.376635	14.875753	12.426459	13.516112
8606445	14.712576	14.14617	12.65717	12.808525
8692509	13.885975	13.874316	12.490583	12.789948
8779434	14.036516	13.850244	12.271085	13.38002
8867228	13.854654	14.24484	11.828364	12.332963
8955900	12.900777	13.736233	11.83996	12.499546
9045459	13.745812	13.292313	11.97779	12.206998
9135913	13.528914	13.711864	11.980881	12.382961
9227272	13.14679	13.638996	11.840705	12.528798
9319544	13.082063	13.785839	11.698329	12.406242
9412739	13.183699	13.69554	12.318307	12.496534
9506866	12.650773	13.375992	11.397999	11.599737
9601934	12.94267	13.569413	11.221499	11.585736
9697953	12.665507	13.111721	12.012854	12.229696
9794932	12.469265	13.105306	10.989403	11.924723
9892881	12.46842	13.01171	10.952224	11.964773
9991809	12.706422	12.374646	10.736492	11.916403
