0	HalftimeHash24	clhash	umash
1	0.029411764705882352533	0.066666666666666665741	0.16666666666666665741
2	0.060606060606060607743	0.125	0.33333333333333331483
3	0.088235294117647064538	0.1875	0.5
4	0.11764705882352941013	0.25	0.80000000000000004441
5	0.14285714285714284921	0.3125	1
6	0.16666666666666665741	0.375	1.1999999999999999556
7	0.19444444444444444753	0.4375	1.3999999999999999112
8	0.22222222222222220989	1.3333333333333332593	1.6000000000000000888
9	0.25	0.5625	1.2857142857142858094
10	0.28571428571428569843	0.625	1.4285714285714286031
11	0.30555555555555558023	0.6875	1.5714285714285713969
12	0.32432432432432434233	0.75	1.7142857142857141906
13	0.35135135135135137086	0.8125	1.8571428571428572063
14	0.37837837837837839938	0.875	2
15	0.39473684210526316374	0.9375	2.1428571428571427937
16	0.42105263157894734505	2.2857142857142855874	2.2857142857142855874
17	0.45945945945945948496	1.1333333333333333037	1.8888888888888888395
18	0.48648648648648651349	1.125	2
19	0.51351351351351348651	1.1875	2.1111111111111111605
20	0.54054054054054057055	1.3333333333333332593	2.2222222222222223209
21	0.53846153846153843592	1.3125	2.3333333333333334814
22	0.55000000000000004441	1.375	2.4444444444444446418
23	0.56097560975609761513	1.533333333333333437	2.5555555555555553582
24	0.58536585365853655016	3.4285714285714283811	2.6666666666666665186
25	0.59523809523809523281	1.5625	2.7777777777777776791
26	0.63414634146341464227	1.625	3.25
27	0.65853658536585368832	1.6875	3
28	0.66666666666666662966	1.75	3.1111111111111111605
29	0.67441860465116276746	1.8125	3.2222222222222223209
30	0.68181818181818176772	1.875	3.3333333333333334814
31	0.70454545454545458583	1.9375	3.4444444444444446418
32	0.72727272727272729291	4.5714285714285711748	3.5555555555555553582
33	0.73333333333333328152	2.2000000000000001776	3.2999999999999998224
34	0.77272727272727270709	2.125	3.3999999999999999112
35	0.77777777777777779011	2.1875	3.5
36	0.80000000000000004441	2.25	3.6000000000000000888
37	0.82222222222222218768	2.4666666666666667851	3.7000000000000001776
38	0.8085106382978722861	2.5333333333333332149	3.7999999999999998224
39	0.8125	2.6000000000000000888	3.8999999999999999112
40	0.81632653061224491609	5.7142857142857144126	4
41	0.83673469387755106119	2.5625	4.0999999999999996447
42	0.89361702127659570216	2.625	4.2000000000000001776
43	0.93478260869565221736	2.6875	4.2999999999999998224
44	0.91666666666666662966	2.75	4.4000000000000003553
45	0.9000000000000000222	2.8125	4.5
46	0.92000000000000003997	2.875	4.5999999999999996447
47	0.90384615384615385469	2.9375	4.7000000000000001776
48	0.94117647058823528106	6	4.7999999999999998224
49	1	3.2666666666666666075	4.9000000000000003553
50	1.0204081632653061451	3.3333333333333334814	5
51	1	3.3999999999999999112	5.0999999999999996447
52	1.0400000000000000355	3.25	5.2000000000000001776
53	1.0192307692307691624	3.5333333333333332149	5.2999999999999998224
54	1.0384615384615385469	3.6000000000000000888	5.4000000000000003553
55	1.0377358490566037652	3.6666666666666665186	5.5
56	1.0769230769230768718	7	5.5999999999999996447
57	1.0961538461538462563	3.7999999999999998224	5.7000000000000001776
58	1.1153846153846154188	3.625	5.7999999999999998224
59	1.1346153846153845812	3.6875	5.9000000000000003553
60	1.1538461538461537437	3.75	6
61	1.1509433962264150608	3.8125	6.0999999999999996447
62	1.1923076923076922906	3.875	6.2000000000000001776
63	1.1666666666666667407	3.9375	6.2999999999999998224
64	1.8285714285714285143	7.1111111111111107164	6.4000000000000003553
65	1.9117647058823530326	4.3333333333333330373	5.9090909090909091717
66	2	4.125	6
67	1.9705882352941177516	4.4666666666666667851	6.0909090909090908283
68	2	4.5333333333333332149	6.1818181818181816567
69	2.0294117647058822484	4.5999999999999996447	6.272727272727272485
70	2	4.6666666666666669627	6.3636363636363633134
71	2.0285714285714284699	4.7333333333333333925	6.4545454545454541417
72	2.0571428571428569398	8	6.5454545454545458583
73	2.0857142857142858539	4.8666666666666662522	6.6363636363636366866
74	2.0555555555555553582	4.625	6.727272727272727515
75	2.1428571428571427937	4.6875	6.8181818181818183433
76	2.1111111111111111605	4.75	6.9090909090909091717
77	2.1388888888888888395	4.8125	7
78	2.1666666666666665186	4.875	7.0909090909090908283
79	2.1944444444444446418	4.9375	7.1818181818181816567
80	2.1621621621621622822	8.8888888888888892836	7.272727272727272485
81	2.1891891891891890332	5.4000000000000003553	6.75
82	2.2162162162162162282	5.4666666666666667851	7.4545454545454541417
83	2.2432432432432434233	5.5333333333333332149	6.9166666666666669627
84	2.2702702702702701743	5.5999999999999996447	7.6363636363636366866
85	2.125	5.6666666666666669627	7.0833333333333330373
86	2.1499999999999999112	5.7333333333333333925	7.1666666666666669627
87	2.1749999999999998224	5.7999999999999998224	7.9090909090909091717
88	2.2000000000000001776	9.7777777777777785673	7.3333333333333330373
89	2.1707317073170733224	5.9333333333333335702	7.4166666666666669627
90	2.25	5.625	8.1818181818181816567
91	2.2195121951219514145	5.6875	8.2727272727272733732
92	2.1904761904761906877	5.75	8.3636363636363633134
93	2.1627906976744184497	5.8125	7.75
94	2.1860465116279068631	5.875	8.5454545454545449701
95	2.1111111111111111605	5.9375	8.6363636363636366866
96	2.1333333333333333037	9.5999999999999996447	8.7272727272727266268
97	2.2045454545454545858	6.4666666666666667851	8.0833333333333339255
98	2.2790697674418605168	6.5333333333333332149	8.1666666666666660745
99	2.2000000000000001776	6.5999999999999996447	8.25
100	2.2727272727272729291	6.6666666666666669627	8.3333333333333339255
101	2.195652173913043459	6.7333333333333333925	8.4166666666666660745
102	2.2173913043478261642	6.7999999999999998224	8.5
103	2.1458333333333334814	6.8666666666666662522	8.5833333333333339255
104	2.2127659574468085957	10.400000000000000355	8.6666666666666660745
105	2.2340425531914891444	7	8.75
106	2.3555555555555556246	6.625	8.8333333333333339255
107	2.27659574468085113	6.6875	8.9166666666666660745
108	2.25	6.75	9
109	2.2244897959183673741	6.8125	9.0833333333333339255
110	2.2000000000000001776	6.875	9.1666666666666660745
111	2.2200000000000001954	6.9375	9.25
112	2.2400000000000002132	11.199999999999999289	9.3333333333333339255
113	2.1730769230769229061	7.5333333333333332149	8.6923076923076916245
114	2.3265306122448978776	7.5999999999999996447	9.5
115	2.3469387755102042448	7.6666666666666669627	9.5833333333333339255
116	2.3199999999999998401	7.7333333333333333925	9.6666666666666660745
117	2.25	7.7999999999999998224	9.75
118	2.3137254901960786491	7.8666666666666662522	9.8333333333333339255
119	2.2884615384615383249	7.9333333333333335702	9.9166666666666660745
120	2.2641509433962263564	12	10
121	2.2830188679245284611	8.0666666666666664298	10.083333333333333925
122	2.3921568627450979783	7.625	10.166666666666666075
123	2.3207547169811322263	7.6875	10.25
124	2.3396226415094338869	7.75	10.333333333333333925
125	2.3584905660377359915	7.8125	10.416666666666666075
126	2.3773584905660376521	7.875	10.5
127	2.351851851851851638	7.9375	10.583333333333333925
128	3.7647058823529411242	11.636363636363636687	10.666666666666666075
129	3.6857142857142854986	8.5999999999999996447	9.9230769230769233502
130	3.8235294117647060652	8.6666666666666660745	10
131	3.7428571428571428825	8.7333333333333325044	10.07692307692307665
132	3.8823529411764705621	8.8000000000000007105	10.1538461538461533
133	3.7999999999999998224	8.8666666666666671404	10.230769230769229949
134	3.8285714285714287364	8.9333333333333335702	10.307692307692308376
135	3.75	9	10.384615384615385025
136	3.6756756756756758797	13.599999999999999645	10.461538461538461675
137	3.8055555555555553582	9.1333333333333328596	9.7857142857142864756
138	3.9428571428571430602	8.625	10.615384615384614975
139	3.8611111111111111605	8.6875	10.692307692307691624
140	3.8888888888888888395	8.75	10.769230769230770051
141	3.8108108108108109668	8.8125	10.8461538461538467
142	3.8378378378378377178	8.875	10.92307692307692335
143	3.7631578947368420351	8.9375	11
144	3.7894736842105261054	13.090909090909091717	11.07692307692307665
145	3.8157894736842106198	9.6666666666666660745	12.083333333333333925
146	3.945945945945946054	9.7333333333333325044	12.166666666666666075
147	3.7692307692307691624	9.8000000000000007105	12.25
148	3.8947368421052632748	9.8666666666666671404	12.333333333333333925
149	3.7250000000000000888	9.9333333333333335702	12.416666666666666075
150	3.75	10	12.5
151	3.6829268292682928454	10.06666666666666643	12.583333333333333925
152	3.7073170731707318915	13.818181818181818343	12.666666666666666075
153	3.7317073170731709375	10.199999999999999289	12.75
154	3.7560975609756095395	9.625	12.833333333333333925
155	3.7804878048780485855	9.6875	12.916666666666666075
156	3.7142857142857144126	9.75	13
157	3.651162790697674243	9.8125	13.083333333333333925
158	3.5909090909090908283	9.875	13.166666666666666075
159	3.6136363636363637575	9.9375	14.45454545454545503
160	3.5555555555555553582	16	13.333333333333333925
161	3.5777777777777779455	10.733333333333332504	12.384615384615385025
162	3.6000000000000000888	10.800000000000000711	12.461538461538461675
163	3.6222222222222222321	10.86666666666666714	12.538461538461538325
164	3.5652173913043476716	10.93333333333333357	12.615384615384614975
165	3.5869565217391303769	11	12.692307692307691624
166	3.5319148936170212671	11.06666666666666643	12.769230769230770051
167	3.4791666666666665186	11.13333333333333286	12.8461538461538467
168	3.5	16.800000000000000711	12.92307692307692335
169	3.5208333333333334814	11.266666666666667496	13
170	3.6170212765957447942	10.625	13.07692307692307665
171	3.5625	10.6875	13.1538461538461533
172	3.5833333333333334814	10.75	13.230769230769229949
173	3.4599999999999999645	10.8125	13.307692307692308376
174	3.4117647058823528106	10.875	13.384615384615385025
175	3.5	10.9375	13.461538461538461675
176	3.4509803921568629193	16	13.538461538461538325
177	3.5400000000000000355	11.800000000000000711	13.615384615384614975
178	3.5600000000000000533	11.86666666666666714	13.692307692307691624
179	3.5098039215686274161	11.93333333333333357	13.769230769230770051
180	3.6000000000000000888	12	13.8461538461538467
181	3.4150943396226414173	12.06666666666666643	13.92307692307692335
182	3.4339622641509435219	12.13333333333333286	14
183	3.3272727272727271597	12.199999999999999289	14.07692307692307665
184	3.4074074074074074403	16.727272727272726627	14.1538461538461533
185	3.5576923076923074873	12.333333333333333925	14.230769230769229949
186	3.5094339622641510523	11.625	14.307692307692308376
187	3.5283018867924527129	11.6875	14.384615384615385025
188	3.5471698113207548175	11.75	14.461538461538461675
189	3.5	11.8125	14.538461538461538325
190	3.5185185185185186008	11.875	14.615384615384614975
191	3.5370370370370372015	11.9375	14.692307692307691624
192	5.3333333333333330373	16	14.769230769230770051
193	5.3611111111111107164	12.86666666666666714	13.785714285714286476
194	5.5428571428571427049	12.125	13.85714285714285765
195	4.7560975609756095395	12.1875	13.928571428571428825
196	5.4444444444444446418	13.06666666666666643	14
197	5.6285714285714290028	12.3125	14.071428571428571175
198	5.5	12.375	14.14285714285714235
199	5.3783783783783780663	13.266666666666667496	14.214285714285713524
200	5.4054054054054052614	16.666666666666667851	14.285714285714286476
202	5.6111111111111107164	12.625	14.428571428571428825
204	5.5135135135135131534	12.75	14.571428571428571175
206	5.5675675675675675436	12.875	14.714285714285713524
208	5.4736842105263159297	16	14.85714285714285765
210	5.6756756756756754356	13.125	15
212	5.5789473684210522109	13.25	15.14285714285714235
214	5.3499999999999996447	13.375	15.285714285714286476
216	5.1428571428571432378	16.615384615384616751	15.428571428571428825
218	5.4500000000000001776	13.625	15.571428571428571175
220	5.2380952380952381375	13.75	15.714285714285713524
222	5.0454545454545458583	13.875	15.85714285714285765
224	4.9777777777777778567	18.666666666666667851	16
226	5.1363636363636366866	14.125	15.06666666666666643
228	5.0666666666666664298	14.25	15.199999999999999289
230	4.7916666666666669627	14.375	15.333333333333333925
232	4.8333333333333330373	19.333333333333332149	15.466666666666666785
234	4.9787234042553194513	14.625	15.599999999999999645
236	4.9166666666666669627	14.75	15.733333333333332504
238	4.8571428571428567622	14.875	15.86666666666666714
240	4.7058823529411766273	18.461538461538459899	16
242	4.8399999999999998579	15.125	16.13333333333333286
244	4.7843137254901959565	15.25	16.266666666666665719
246	4.5555555555555553582	15.375	16.399999999999998579
248	4.5925925925925925597	19.07692307692307665	16.533333333333334991
250	4.716981132075471983	14.705882352941175739	16.666666666666667851
252	4.7547169811320753041	14.823529411764706509	16.800000000000000711
254	4.7037037037037032761	14.941176470588235503	16.93333333333333357
256	7.1111111111111107164	18.285714285714284699	17.06666666666666643
258	7.3714285714285709972	15.176470588235293491	12.285714285714286476
260	7.2222222222222223209	15.294117647058824261	12.380952380952381375
262	7.081081081081080697	15.411764705882353255	12.476190476190476275
264	6.9473684210526318594	18.85714285714285765	12.571428571428571175
266	7.1891891891891894772	15.647058823529411242	12.666666666666666075
268	7.2432432432432429792	15.764705882352942012	12.761904761904762751
270	7.1052631578947371693	15.882352941176471006	12.85714285714285765
272	6.9743589743589744501	19.428571428571427049	12.95238095238095255
274	7.2105263157894734505	16.117647058823528994	12.45454545454545503
276	6.9000000000000003553	16.235294117647057988	12.54545454545454497
278	6.7804878048780485855	16.352941176470586981	12.636363636363636687
280	6.5116279069767442067	18.666666666666667851	12.727272727272726627
282	6.8780487804878047697	16.588235294117648522	12.818181818181818343
284	6.6046511627906978603	16.705882352941177516	12.909090909090908283
286	6.3555555555555551805	16.823529411764706509	13
288	6.2608695652173915747	22.1538461538461533	13.090909090909091717
290	6.4444444444444446418	17.058823529411764497	12.608695652173912194
292	6.3478260869565215074	17.176470588235293491	12.695652173913043015
294	6	17.294117647058822484	12.782608695652173836
296	6.0408163265306118461	24.666666666666667851	12.869565217391304657
298	6.2083333333333330373	17.529411764705884025	12.956521739130435478
300	6.1224489795918364266	17.647058823529413019	13.043478260869564522
303	5.8269230769230766498	17.823529411764706509	13.173913043478261642
306	6.1200000000000001066	18	13.304347826086956985
309	5.8301886792452828345	18.176470588235293491	13.434782608695652328
312	5.7777777777777776791	24	13.565217391304347672
315	5.8333333333333330373	17.5	13.695652173913043015
318	5.5789473684210522109	17.666666666666667851	13.826086956521738358
321	9.1714285714285708195	17.833333333333332149	13.375
324	9.2571428571428580057	18	13.5
327	8.837837837837838606	18.166666666666667851	13.625
330	9.1666666666666660745	18.333333333333332149	13.75
333	9	18.5	13.875
336	8.6153846153846149747	22.399999999999998579	14
339	8.921052631578946901	18.833333333333332149	14.125
342	8.1428571428571423496	19	14.25
345	8.0232558139534884134	19.166666666666667851	13.800000000000000711
348	7.9090909090909091717	19.333333333333332149	14.5
351	7.6304347826086953432	19.5	14.625
354	7.695652173913043903	18.63157894736842124	14.160000000000000142
357	7.2857142857142855874	18.789473684210527438	14.279999999999999361
360	7.2000000000000001776	24	14.400000000000000355
363	7.408163265306122014	19.105263157894736281	14.519999999999999574
366	7.1764705882352943789	19.263157894736842479	14.640000000000000568
369	7.0961538461538458122	19.421052631578948677	14.192307692307691624
372	7.1538461538461541878	19.578947368421051323	14.880000000000000782
375	6.9444444444444446418	19.736842105263157521	14.42307692307692335
378	7.1320754716981129562	19.894736842105263719	14.538461538461538325
381	7.0555555555555553582	20.052631578947369917	15.240000000000000213
384	10.378378378378378954	22.588235294117648522	15.359999999999999432
387	10.459459459459459651	19.350000000000001421	14.884615384615385025
390	10.540540540540540349	19.5	15
393	10.621621621621621046	20.684210526315791157	15.115384615384614975
396	10.421052631578946901	19.800000000000000711	15.230769230769229949
399	10.230769230769229949	19.949999999999999289	15.3461538461538467
402	10.307692307692308376	20.100000000000001421	16.079999999999998295
406	9.6666666666666660745	20.300000000000000711	16.239999999999998437
410	9.7619047619047627506	20.5	16.399999999999998579
414	9	20.699999999999999289	16.559999999999998721
418	9.0869565217391308209	20.899999999999998579	16.07692307692307665
422	8.4399999999999995026	21.100000000000001421	16.230769230769229949
426	8.6938775510204084895	21.300000000000000711	16.384615384615383249
430	8.2692307692307700506	21.5	16.538461538461540101
434	8.5098039215686274161	21.699999999999999289	16.074074074074072627
438	8.2641509433962259124	21.899999999999998579	16.222222222222221433
442	8.1851851851851851194	21.04761904761904745	16.370370370370370239
446	7.9642857142857144126	22.300000000000000711	16.518518518518519045
450	12.5	21.428571428571427049	16.666666666666667851
454	11.947368421052631859	21.619047619047620401	16.814814814814813104
458	12.378378378378378954	21.809523809523810201	16.96296296296296191
462	11.8461538461538467	22	17.111111111111110716
466	11.9487179487179489	22.190476190476189799	16.64285714285714235
470	11.190476190476189799	22.380952380952379599	16.785714285714284699
474	11.023255813953488413	21.545454545454546746	16.928571428571427049
478	10.391304347826087806	21.727272727272726627	17.703703703703702388
482	10.255319148936170137	21.90909090909091006	17.214285714285715301
486	9.5294117647058822484	22.09090909090908994	17.35714285714285765
490	9.8000000000000007105	21.304347826086956985	17.5
494	9.5	21.478260869565218627	17.64285714285714235
498	9.5769230769230766498	21.652173913043476716	17.172413793103448398
502	8.9642857142857135244	21.826086956521738358	17.310344827586206407
507	9.2181818181818186986	22.043478260869566299	17.482758620689654805
512	13.473684210526315042	26.947368421052630083	17.655172413793103203
517	13.605263157894736281	21.541666666666667851	16.677419354838708188
522	13.384615384615385025	20.879999999999999005	16.83870967741935587
527	13.175000000000000711	21.079999999999998295	17
532	12.975609756097561842	21.280000000000001137	16.625
537	12.20454545454545503	21.480000000000000426	16.78125
542	11.531914893617020823	21.679999999999999716	16.9375
547	11.395833333333333925	21.879999999999999005	16.575757575757574358
552	10.615384615384614975	27.600000000000001421	16.727272727272726627
557	10.509433962264150608	22.280000000000001137	16.878787878787878896
562	10.807692307692308376	21.615384615384616751	16.529411764705884025
567	10.125	22.679999999999999716	16.676470588235293491
572	10.035087719298244835	22	16.823529411764706509
577	15.594594594594594739	22.192307692307693401	16.485714285714283989
582	15.31578947368421062	22.384615384615383249	16.628571428571429891
587	15.0512820512820511	21.740740740740740478	16.771428571428572241
592	14.439024390243902829	28.190476190476189799	16.91428571428571459
597	14.214285714285713524	22.111111111111110716	17.05714285714285694
602	14	22.296296296296297612	17.199999999999999289
608	12.666666666666666075	30.399999999999998579	17.371428571428570109
614	12.279999999999999361	22.740740740740740478	17.055555555555557135
620	11.92307692307692335	22.96296296296296191	17.222222222222221433
626	11.81132075471698073	23.185185185185186896	17.388888888888889284
632	11.285714285714286476	27.478260869565218627	17.555555555555557135
638	11.192982456140351033	22.785714285714284699	17.722222222222221433
644	16.947368421052630083	23.851851851851851194	17.888888888888889284
650	16.666666666666667851	23.214285714285715301	18.055555555555557135
656	15.619047619047618625	28.521739130434781373	18.222222222222221433
662	15.04545454545454497	23.64285714285714235	18.91428571428571459
668	14.521739130434783149	23.03448275862069039	18.555555555555557135
674	14.041666666666666075	24.071428571428572951	18.722222222222221433
680	13.07692307692307665	29.565217391304347672	18.888888888888889284
686	12.703703703703704164	24.5	19.055555555555557135
692	12.814814814814814881	23.862068965517241992	18.702702702702701743
698	12.245614035087719174	24.06896551724138078	18.864864864864863137
704	18.0512820512820511	30.60869565217391397	19.027027027027028083
711	17.774999999999998579	24.517241379310345195	18.710526315789472562
718	17.0952380952380949	24.758620689655170821	18.894736842105263719
725	16.477272727272726627	25	19.078947368421051323
732	15.913043478260869179	24.399999999999998579	19.78378378378378244
739	15.081632653061223692	25.482758620689654805	19.447368421052630083
746	14.62745098039215641	24.86666666666666714	19.63157894736842124
753	13.944444444444444642	25.100000000000001421	19.307692307692306599
760	13.103448275862069394	30.399999999999998579	19.487179487179485449
767	12.783333333333333215	25.56666666666666643	19.666666666666667851
774	19.350000000000001421	25.800000000000000711	18.428571428571427049
781	19.048780487804876316	25.193548387096775798	18.5952380952380949
788	18.325581395348837788	25.419354838709676159	18.325581395348837788
795	17.282608695652175612	25.645161290322580072	18.488372093023254905
802	16.367346938775511944	25.870967741935483986	18.651162790697675575
810	15.57692307692307665	26.129032258064516014	18.837209302325582883
818	14.872727272727273018	26.387096774193548043	18.59090909090908994
826	14.491228070175438347	25.8125	18.772727272727273373
834	21.384615384615383249	26.0625	18.954545454545453254
842	20.536585365853657237	26.3125	19.136363636363636687
850	19.318181818181816567	26.5625	18.888888888888889284
858	18.255319148936170137	26	19.06666666666666643
866	17.320000000000000284	27.0625	19.244444444444443576
874	16.490566037735849392	26.484848484848484418	19.422222222222220722
882	15.75	26.727272727272726627	19.173913043478261642
890	15.084745762711865069	26.969696969696968836	19.347826086956523284
898	22.449999999999999289	27.212121212121211045	19.521739130434781373
906	21.571428571428572951	26.647058823529413019	19.276595744680850686
915	20.333333333333332149	26.911764705882351478	20.333333333333332149
924	18.480000000000000426	27.176470588235293491	20.533333333333334991
933	17.603773584905660243	28.272727272727273373	20.282608695652175612
942	16.526315789473684958	27.705882352941177516	20.478260869565218627
951	16.118644067796608965	27.970588235294115975	20.234042553191489588
960	23.414634146341462895	33.103448275862071171	20.869565217391304657
969	22.022727272727273373	27.685714285714286831	20.617021276595743018
978	21.260869565217390686	27.94285714285714306	20.808510638297871509
987	19.739999999999998437	28.199999999999999289	20.5625
996	18.444444444444442865	28.457142857142855519	20.75
1005	17.63157894736842124	27.916666666666667851	20.9375
1015	16.916666666666667851	28.194444444444442865	21.145833333333332149
1025	25	23.295454545454546746	19.711538461538459899
1035	23.522727272727273373	23	19.9038461538461533
1045	21.770833333333332149	23.222222222222221433	19.716981132075471095
1055	19.53703703703703809	22.934782608695652328	19.905660377358490365
1065	19.363636363636363313	23.666666666666667851	20.094339622641509635
1075	18.859649122807017108	23.888888888888889284	19.907407407407408328
1085	17.786885245901640218	23.586956521739129045	20.092592592592591672
1095	24.886363636363636687	24.333333333333332149	19.90909090909091006
1105	24.021739130434781373	24.555555555555557135	20.09090909090908994
1116	22.320000000000000284	24.260869565217390686	20.29090909090908923
1127	20.125	25.044444444444444287	20.125
1138	19.964912280701753389	25.288888888888887863	20.321428571428572951
1149	18.836065573770490289	24.978260869565218627	20.51785714285714235
1160	26.363636363636363313	29.743589743589744501	20.714285714285715301
1171	24.914893617021277805	26.022222222222222143	20.910714285714284699
1182	22.301886792452830122	25.695652173913043015	21.10714285714285765
1193	20.92982456140351033	26.511111111111112848	21.303571428571427049
1204	20.406779661016948069	26.755555555555556424	21.122807017543859587
1216	27.636363636363636687	31.17948717948717885	21.333333333333332149
1228	27.288888888888887863	27.288888888888887863	21.172413793103448398
1240	24.313725490196077317	31	21.379310344827587187
1252	22.35714285714285765	27.822222222222222854	21.220338983050847759
1264	20.721311475409837755	31.600000000000001421	21.793103448275861211
1276	20.580645161290323841	28.355555555555554292	21.627118644067795827
1288	28.622222222222223564	31.414634146341462895	20.774193548387096087
1300	26.530612244897959329	28.888888888888889284	20.967741935483871885
1313	23.446428571428572951	29.177777777777777146	20.515625
1326	21.737704918032786594	28.826086956521738358	20.71875
1339	20.921875	29.10869565217391397	20.921875
1352	27.039999999999999147	31.441860465116278078	20.800000000000000711
1365	25.75471698113207708	29.673913043478261642	21.328125
1378	24.175438596491229504	29.319148936170211783	20.878787878787878896
1391	22.435483870967740216	29.595744680851062469	21.075757575757574358
1404	20.95522388059701413	29.872340425531913155	21.272727272727273373
1418	27.803921568627451677	30.170212765957447942	21.164179104477611304
1432	26.036363636363635266	31.822222222222222854	21.696969696969695462
1446	24.100000000000001421	30.125	21.582089552238805652
1460	22.8125	30.416666666666667851	22.121212121212121104
1474	29.480000000000000426	30.081632653061223692	21.676470588235293491
1488	27.555555555555557135	31.659574468085107668	21.882352941176471006
1502	25.457627118644069242	29.450980392156861143	22.417910447761194348
1517	23.703125	28.092592592592591672	21.985507246376812418
1532	22.529411764705884025	28.370370370370370239	21.88571428571428612
1547	29.18867924528301927	28.127272727272728758	21.486111111111110716
1562	27.89285714285714235	28.399999999999998579	21.397260273972602107
1577	24.640625	28.672727272727271952	21.310810810810810523
1592	23.411764705882351478	31.839999999999999858	21.513513513513512265
1607	30.320754716981131338	28.696428571428572951	21.426666666666665861
1623	28.473684210526315042	28.473684210526315042	21.355263157894736281
1639	26.015873015873015817	28.754385964912280826	21.565789473684208843
1655	24.338235294117648522	29.035087719298246611	21.493506493506494337
1671	30.944444444444442865	28.810344827586206407	21.701298701298700422
1687	29.086206896551722423	29.086206896551722423	22.197368421052630083
1703	26.609375	29.362068965517241992	22.706666666666666998
1720	24.927536231884058537	32.452830188679243406	22.0512820512820511
1737	31.581818181818182012	29.440677966101695517	22.269230769230770051
1754	30.241379310344829179	29.233333333333334281	22.202531645569621332
1771	27.246153846153845279	29.516666666666665719	22.417721518987342222
1788	24.833333333333332149	29.31147540983606703	22.350000000000001421
1805	32.232142857142854098	29.590163934426229275	22.012195121951219079
1823	28.936507936507936734	29.885245901639343913	21.70238095238095255
1841	26.681159420289855433	30.18032786885245855	21.658823529411765918
1859	33.799999999999997158	29.983870967741935942	21.870588235294118107
1877	32.362068965517238439	30.274193548387096087	22.3452380952380949
1895	28.712121212121211045	30.564516129032259784	22.034883720930231732
1913	27.32857142857142918	30.365079365079363782	21.988505747126435352
1932	33.894736842105260166	30.666666666666667851	22.206896551724138789
1951	30.968253968253968367	30.484375	22.686046511627907307
1970	28.55072463768116009	30.78125	22.386363636363636687
1989	34.894736842105260166	31.078125	22.602272727272726627
2008	32.387096774193551596	33.466666666666668561	22.561797752808988804
2028	29.823529411764706509	30.727272727272726627	22.786516853932585747
2048	35.929824561403506777	35.929824561403506777	22.755555555555556424
2068	33.901639344262292752	28.722222222222221433	22
2088	30.260869565217390686	33.142857142857145902	22.21276595744680904
2108	28.106666666666665577	29.277777777777778567	22.42553191489361808
2129	35.483333333333334281	29.569444444444442865	22.177083333333332149
2150	31.617647058823528994	29.861111111111110716	22.164948453608246837
2171	29.739726027397260566	30.152777777777778567	22.852631578947367075
2192	35.354838709677416375	32.716417910447759709	22.367346938775511944
2213	32.544117647058826037	30.736111111111110716	22.814432989690722309
2235	29.800000000000000711	31.041666666666667851	22.806122448979593287
2257	36.403225806451615654	31.347222222222221433	22.797979797979799343
2279	32.098591549295775849	31.652777777777778567	22.789999999999999147
2301	29.883116883116883855	31.958333333333332149	23.010000000000001563
2324	36.3125	32.277777777777778567	22.3461538461538467
2347	32.150684931506852138	32.597222222222221433	22.352380952380951129
2370	39.5	32.916666666666664298	22.358490566037737324
2393	36.257575757575757791	32.780821917808218302	22.575471698113208419
2416	31.789473684210527438	34.02816901408450434	22.579439252336449329
2440	39.354838709677416375	34.36619718309859195	23.018867924528301216
2464	35.200000000000002842	34.704225352112679559	23.028037383177569097
2488	31.8974358974358978	34.082191780821915472	23.03703703703703809
2512	38.646153846153843858	34.410958904109591572	23.045871559633027914
2537	34.28378378378378244	32.113924050632910223	23.063636363636362603
2562	40.666666666666664298	31.243902439024388684	22.672566371681416086
2587	38.044117647058826037	31.548780487804876316	22.692982456140349257
2612	33.487179487179489001	31.8536585365853675	22.713043478260868113
2638	39.969696969696968836	31.783132530120482784	22.741379310344829179
2664	35.520000000000003126	34.1538461538461533	22.769230769230770051
2690	42.03125	32.023809523809525501	22.796610169491525966
2716	39.362318840579710866	31.952941176470588402	23.213675213675212916
2743	33.86419753086419604	32.270588235294120238	23.050420168067226712
2770	41.343283582089554784	32.209302325581397497	23.083333333333332149
2797	36.324675324675325783	32.52325581395349019	23.30833333333333357
2824	41.529411764705884025	34.439024390243901053	22.959349593495936404
2852	38.02666666666666373	32.781609195402296564	22.815999999999998948
2880	43.636363636363633134	35.121951219512197895	22.85714285714285765
2908	40.388888888888885731	32.674157303370783723	22.897637795275588957
2937	35.385542168674696484	32.63333333333333286	22.9453125
2966	41.774647887323943962	32.955555555555555713	23.35433070866141847
2995	36.975308641975310309	33.277777777777778567	23.217054263565891858
3024	42.591549295774647987	35.162790697674417117	23.441860465116278078
3054	37.703703703703702388	33.195652173913046568	23.492307692307690559
3084	44.05714285714285694	31.151515151515152269	23.014925373134328623
3114	39.417721518987342222	31.454545454545453254	22.897058823529413019
3145	44.928571428571430602	31.767676767676768179	22.956204379562045403
3176	39.209876543209873034	34.15053763440860024	23.014492753623187582
3207	45.169014084507040252	32.393939393939390925	23.071942446043166797
3239	39.987654320987651602	32.717171717171716239	23.302158273381294862
3271	46.070422535211264403	33.040404040404041552	23.36428571428571388
3303	40.280487804878049474	33.363636363636366866	23.42553191489361808
3336	45.69863013698630283	35.115789473684209554	23.166666666666667851
3369	41.085365853658537105	34.030303030303031164	23.075342465753426069
3402	46.60273972602739434	34.020000000000003126	23.14285714285714235
3436	40.9047619047619051	34.359999999999999432	23.21621621621621756
3470	46.891891891891894772	34.3564356435643532	23.28859060402684733
3504	40.275862068965516016	35.393939393939390925	23.516778523489932695
3539	47.186666666666667425	33.704761904761902258	23.437086092715230023
3574	40.157303370786515018	33.716981132075474648	23.513157894736842479
3609	45.683544303797468444	33.11009174311926273	23.134615384615383249
3645	40.054945054945058303	33.136363636363633134	23.216560509554138747
3681	44.349397590361448351	33.463636363636361182	23.150943396226416837
3717	48.907894736842102645	33.486486486486484182	23.231249999999999289
3754	44.164705882352940591	33.517857142857145902	23.462499999999998579
3791	47.987341772151900443	33.548672566371678272	23.546583850931675386
3828	42.533333333333331439	33.578947368421054875	23.629629629629629761
3866	47.146341463414636053	33.617391304347826519	23.289156626506024139
3904	50.701298701298703975	35.816513761467888344	23.37724550898203546
3943	44.303370786516850899	33.991379310344825626	23.331360946745562046
3982	49.774999999999998579	34.034188034188034067	23.423529411764704378
4021	42.776595744680854239	34.076271186440678207	23.652941176470587692
4061	47.220930232558139039	34.126050420168070332	24.029585798816569309
4101	51.262500000000002842	32.807999999999999829	23.434285714285714164
4142	44.063829787234041646	32.873015873015873467	23.401129943502823494
4183	48.639534883720926928	33.463999999999998636	23.368715083798882404
4224	51.512195121951222632	35.796610169491522413	23.466666666666665009
4266	45.870967741935480433	33.857142857142854098	23.699999999999999289
4308	50.682352941176468164	34.190476190476189799	23.670329670329671501
4351	42.656862745098038658	34.531746031746031633	23.775956284153004106
4394	46.74468085106382631	34.873015873015873467	23.497326203208555029
4437	49.853932584269664119	35.214285714285715301	23.476190476190474499
4481	53.3452380952380949	35.283464566929133355	23.584210526315789735
4525	46.173469387755105231	35.3515625	23.815789473684208843
4570	50.777777777777778567	34.621212121212124657	23.802083333333332149
4615	53.045977011494251485	34.185185185185183343	23.666666666666667851
4661	45.25242718446602197	34.525925925925925242	23.540404040404041552
4707	49.03125	34.10869565217391397	23.535000000000000142
4754	52.822222222222222854	34.449275362318843463	23.889447236180902934
4801	55.183908045977013046	34.53956834532374387	24.370558375634516324
4849	47.539215686274509665	34.63571428571428612	23.886699507389163699
4897	51.010416666666664298	34.730496453900705944	23.657004830917873761
4945	53.172043010752688019	34.580419580419579972	23.660287081339713922
4994	55.488888888888887152	34.680555555555557135	23.668246445497629793
5043	48.028571428571432023	35.020833333333335702	23.900473933649287517
5093	50.929999999999999716	34.883561643835619748	23.910798122065727966
5143	53.572916666666664298	33.614379084967318079	23.700460829493088966
5194	55.25531914893617369	33.947712418300653781	23.716894977168948344
5245	48.119266055045869734	34.506578947368417687	23.733031674208145745
5297	49.504672897196265069	34.848684210526315042	23.968325791855203732
5349	51.432692307692306599	35.423841059602651171	23.986547085201792129
5402	53.485148514851488244	35.307189542483662592	24.333333333333332149
5456	55.111111111111114269	36.373333333333334849	23.825327510917031049
5510	56.224489795918366042	35.779220779220779036	23.852813852813852691
5565	48.39130434782608603	35.903225806451615654	24.09090909090908994
5620	49.734513274336279665	35.125	24.017094017094017033
5676	52.07339449541284182	34.822085889570551842	23.848739495798319865
5732	53.074074074074076179	34.951219512195123684	23.88333333333333286
5789	54.102803738317760462	35.084848484848485839	24.12083333333333357
5846	55.676190476190477341	35.005988023952099297	24.057613168724280683
5904	56.769230769230766498	36.444444444444442865	24
5963	58.460784313725490335	35.284023668639051152	23.947791164658635665
6022	58.466019417475727948	35.423529411764704378	23.896825396825395416
6082	59.04854368932038966	35.360465116279073072	24.134920634920636218
6142	50.76033057851239505	35.298850574712645312	24.181102362204725864
6203	52.126050420168070332	34.461111111111108585	23.949806949806948353
6265	52.208333333333335702	35	24.003831417624521549
6327	52.289256198347104032	35.346368715083798406	24.14885496183206115
6390	51.951219512195123684	35.5	24.204545454545453254
6453	53.330578512396691337	36.05027932960894077	23.988847583643121197
6517	52.983739837398374561	36.005524861878456022	23.959558823529413019
6582	53.080645161290320289	35.967213114754095216	24.198529411764706509
6647	53.604838709677416375	35.545454545454546746	24.170909090909091788
6713	54.137096774193551596	35.707446808510638903	23.975000000000001421
6780	52.1538461538461533	35.3125	24.042553191489361097
6847	51.481203007518800518	35.47668393782383589	24.194346289752651558
6915	61.741071428571430602	35.461538461538459899	24.094076655052266034
6984	60.730434782608696764	36.56544502617801129	24.082758620689656226
7053	61.330434782608698185	35.621212121212124657	24.071672354948805861
7123	60.36440677966101731	35.793969849246231263	24.227891156462586508
7194	58.967213114754095216	35.092682926829269263	24.060200668896321474
7265	57.658730158730158166	35.266990291262132473	23.976897689768975397
7337	56.875968992248061795	35.616504854368933763	24.214521452145213232
7410	56.136363636363633134	35.970873786407764783	24.215686274509803155
7484	54.627737226277375271	36.330097087378639742	24.699669966996697923
7558	63.512605042016808454	36.512077294685987283	24.070063694267517462
7633	62.565573770491802463	36.175355450236963861	24.863192182410422504
7709	60.2265625	35.689814814814816657	24.090624999999999289
7786	58.984848484848484418	35.715596330275232617	24.105263157894736281
7863	56.164285714285711038	35.904109589041098616	24.268518518518519045
7941	64.04032258064516725	35.770270270270273727	24.136778115501520858
8020	62.65625	35.964125560538114712	24.156626506024096557
8100	59.124087591240872541	36.322869955156953381	24.251497005988024824
8181	56.03424657534246478	36.199115044247790252	24.275964391691395861
8262	64.04651162790698038	35.45922746781116075	24.736526946107783687
8344	61.352941176470586981	37.084444444444443434	24.326530612244898322
8427	59.765957446808513964	36.167381974248925758	24.355491329479768581
8511	56.364238410596023243	36.371794871794868698	24.178977272727273373
8596	63.6740740740740776	36.578723404255320872	24.351274787535409416
8681	60.706293706293706691	36.170833333333334281	24.316526610644256579
8767	57.677631578947369917	35.93032786885245855	24.218232044198895636
8854	63.697841726618705138	35.991869918699187281	24.940845070422536622
8942	60.418918918918919303	36.202429149797573871	24.298913043478261642
9031	65.919708029197082055	36.415322580645160144	24.211796246648795261
9121	62.472602739726028176	36.338645418326692038	24.322666666666666657
9212	59.432258064516126694	36.411067193675890508	24.435013262599468931
9304	64.165517241379305347	36.774703557312250268	24.166233766233766289
9397	60.237179487179489001	36.28185328185328018	24.992021276595743018
9490	65.448275862068967967	36.5	24.209183673469386378
9584	60.658227848101269331	37.003861003861004519	24.263291139240507732
9679	65.843537414965979337	36.802281368821290641	25.075129533678754967
9775	61.477987421383645028	36.338289962825278678	24.315920398009950532
9872	65.813333333333332575	36.973782771535582015	24.315270935960590748
9970	61.925465838509317962	36.254545454545457517	24.925000000000000711
10069	66.243421052631575208	36.350180505415160326	24.321256038647341313
10169	61.630303030303032585	36.448028673835125346	25.046798029556651244
10270	65.41401273885350065	35.659722222222221433	24.336492890995259586
10372	68.688741721854299271	36.139372822299648647	24.347417840375587872
10475	63.871951219512197895	36.625874125874126719	24.474299065420559884
10579	67.382165605095536876	36.860627177700351353	24.263761467889906953
10684	61.757225433526009795	36.714776632302402959	24.448512585812355979
10790	64.226190476190481604	36.452702702702701743	24.919168591224018172
10897	67.265432098765430169	36.444816053511708276	24.48764044943820295
11005	61.48044692737430239	36.320132013201323673	24.510022271714923647
11115	64.622093023255814614	36.5625	24.375
11226	66.821428571428569398	36.686274509803922683	24.510917030567686226
11338	69.558282208588963158	36.223642172523959459	24.330472103004293416
11451	63.265193370165746956	36.584664536741215102	24.467948717948718951
11565	64.971910112359552159	36.948881789137381304	24.398734177215189334
11680	66.363636363636359761	37.556270096463023833	24.53781512605042181
11796	68.581395348837205006	36.520123839009286826	24.371900826446282196
11913	69.261627906976741542	36.655384615384612346	24.411885245901640218
12032	70.776470588235298464	37.482866043613704221	24.505091649694499267
12152	60.75999999999999801	37.276073619631901579	24.401606425702812686
12273	62.29949238578679882	36.855855855855857328	24.399602385685884798
12395	63.564102564102562098	36.348973607038125522	24.399606299212599936
12518	63.543147208121830261	36.926253687315636398	24.497064579256360162
12643	64.83589743589743648	37.076246334310852149	24.407335907335905745
12769	64.489898989898989612	37.011594202898550066	24.508637236084453548
12896	64.804020100502512491	37.488372093023258458	25.040776699029127172
13024	64.47524752475247567	37.533141210374637353	24.573584905660379007
13154	65.11881188118812247	36.949438202247193885	25.1030534351145036
13285	64.490291262135926331	37.005571030640666663	24.556377079482441417
13417	65.131067961165044267	36.658469945355193431	24.438979963570126586
13551	63.619718309859152328	36.823369565217390686	24.504520795660035049
13686	62.20909090909091077	37.190217391304351224	25.0659340659340657
13822	62.827272727272728048	36.957219251336901777	25.222627737226275713
13960	67.766990291262132473	37.4262734584450385	24.491228070175438347
14099	67.459330143540668701	36.908376963350782773	24.477430555555557135
14239	66.53738317757009213	36.984415584415586409	25.201769911504424471
14381	65.072398190045248612	36.592875318066155899	24.499148211243610973
14524	63.982378854625551412	37.145780051150893541	24.616949152542371593
14669	68.868544600938960798	37.325699745547076702	24.448333333333334139
14815	67.036199095022624306	37.130325814536341511	25.238500851788757018
14963	65.340611353711793186	36.945679012345678416	24.489361702127659726
15112	69.321100917431195398	37.592039800995024734	24.532467532467531868
15263	67.237885462555070148	36.867149758454104358	24.65751211631663864
15415	64.768907563025209129	36.615201900237529742	24.507154213036564272
15569	69.195555555555557703	36.980997624703086046	24.518110236220472586
15724	67.484978540772530664	37.260663507109008208	24.530421216848672827
15881	70.269911504424783288	36.932558139534883423	24.507716049382715084
16039	67.675105485232066371	36.956221198156683272	25.100156494522693151
16199	70.430434782608699606	36.984018264840180734	24.469788519637461377
16360	67.049180327868853624	37.522935779816513957	24.564564564564562943
16523	70.01271186440678207	36.881696428571430602	24.551263001485885695
16688	67.020080321285135483	37.417040358744394268	24.577319587628867481
16854	69.933609958506224302	37.370288248337026005	24.568513119533527345
17022	66.4921875	36.924078091106288468	24.598265895953758786
17192	68.222222222222228538	37.455337690631807845	24.559999999999998721
17363	70.012096774193551596	37.259656652360511941	24.593484419263457852
17536	71.575510204081638221	37.63090128755364816	24.594670406732117129
17711	67.858237547892713337	37.286315789473682969	25.229344729344727938
17888	69.603112840466920375	37.579831932773110736	24.60522696011004129
18066	71.976095617529878723	37.09650924024640517	25.30252100840336027
18246	72.693227091633460191	37.466119096509238773	24.55720053835800698
18428	67.501831501831503601	37.153225806451615654	24.702412868632706022
18612	68.933333333333337123	36.855445544554456205	25.185385656292286427
18798	68.857142857142861203	37.076923076923080203	24.964143426294821637
18985	69.036363636363631713	36.864077669902911794	24.433719433719435443
19174	70.492647058823536099	36.944123314065507202	24.487867177522350204
19365	70.163043478260874508	36.9561068702290072	24.512658227848099557
19558	70.352517985611513041	36.763157894736842479	25.042253521126760063
19753	70.546428571428577925	36.852611940298508841	24.386419753086418183
19950	70	36.944444444444442865	24.478527607361964868
20149	69.240549828178700409	36.902930402930401499	24.482381530984202556
20350	68.518518518518519045	36.932849364791287883	24.459134615384616751
20553	73.142348754448391901	36.767441860465119419	24.438763376932222116
20758	72.580419580419587078	36.870337477797512804	24.507674144037778774
20965	71.067796610169494897	36.975308641975310309	24.520467836257310523
21174	69.88118811881187753	37.147368421052632925	24.478612716763006318
21385	73.741379310344825626	36.998269896193768602	24.440000000000001279
21598	71.516556291390728006	36.98287671232876761	24.459796149490372841
21813	69.913461538461532996	37.096938775510203357	24.536557930258716453
22031	73.192691029900331046	37.026890756302520913	24.560758082497212484
22251	71.317307692307693401	37.146911519198667406	24.586740331491711231
22473	74.168316831683171131	37.206953642384107184	24.722772277227722526
22697	72.053968253968250224	36.96579804560260385	25.359776536312850226
22923	73.003184713375802062	37.032310177705980436	24.701508620689654805
23152	69.525525525525523562	37.221864951768488083	24.682302771855010093
23383	71.947692307692307168	37.174880763116057381	24.665611814345989927
23616	72.888888888888885731	37.367088607594936889	25.257754010695187219
23852	70.568047337278102304	36.922600619195044658	24.691511387163561864
24090	72.125748502994014189	36.834862385321102352	24.556574923547401568
24330	72.844311377245503536	37.031963470319631426	24.550958627648839183
24573	70.008547008547012069	36.841079460269867241	24.597597597597598451
24818	70.505681818181813014	36.931547619047620401	24.572277227722771897
25066	71.413105413105412822	36.970501474926251717	24.598626104023551875
25316	71.716713881019828136	37.120234604105569076	24.578640776699028692
25569	71.823033707865164388	37.218340611353710301	24.585576923076924771
25824	71.733333333333334281	37.264069264069263454	25.145082765335928343
26082	71.262295081967209853	37.25999999999999801	24.605660377358489654
26342	71.002695417789752241	37.258840169731257674	24.595704948646126553
26605	70.197889182058048618	37.05431754874651773	24.611470860314522469
26871	68.900000000000005684	37.32083333333333286	24.60714285714285765
27139	72.758713136729227244	36.773712737127368655	25.15199258572752683
27410	72.131578947368424792	36.693440428380185381	24.582959641255605732
27684	70.442748091603050398	36.522427440633244089	24.564330079858031297
27960	69.725685785536157368	36.837944664031617492	24.547848990342405529
28239	72.593830334190229792	36.531694695989649802	24.577023498694515524
28521	70.422222222222217169	36.753865979381444618	25.172992056487203172
28806	72.559193954659946257	36.50950570342205026	24.578498293515359308
29094	69.271428571428572241	36.596226415094342599	24.635055038103303104
29384	68.176334106728532447	36.729999999999996874	24.609715242881073038
29677	66.391498881431772361	36.548029556650249106	24.628215767634856093
29973	67.355056179775274927	36.419198055893076571	24.588187038556192476
30272	67.87443946188341215	36.827250608272507293	24.591389114541023275
30574	65.051063829787239001	36.441001191895111333	24.616747181964573343
30879	64.600418410041839934	36.073598130841119769	24.683453237410070358
31187	66.355319148936175111	36.433411214953274282	25.232200647249189984
31498	66.451476793248943409	36.121559633027523262	24.588602654176423101
31812	64.922448979591834473	36.108967082860388587	24.584234930448221945
32130	63.75	36.305084745762712828	24.564220183486238369
32451	65.957317073170727895	35.817880794701984826	24.621396054628224448
32775	65.419161676646709225	35.586319218241044382	24.56896551724138078
33102	62.812144212523719489	35.785945945945947244	24.303964757709252353
33433	60.787272727272728901	35.229715489989459343	24.332605531295488532
33767	61.731261425959779388	34.955486542443061637	24.920295202952029712
34104	61.22800718132854314	35.122554067971165637	24.273309608540923676
34445	61.84021543985637237	34.548645937813439843	24.291255289139634499
34789	59.672384219554032825	34.376482213438734448	24.310971348707198558
35136	60.894280762564989118	34.37964774951076663	24.281962681409812177
35487	60.765410958904112704	34.187861271676297292	24.903157894736843048
35841	61.057921635434411201	34.069391634980988215	24.855062413314840342
36199	59.635914332784182079	34.31184834123222771	24.844886753603294238
36560	59.54397394136807975	34.490566037735845839	24.921608725289708275
36925	58.797770700636945662	33.969641214351426584	24.276791584483891739
37294	59.196825396825396126	34.152014652014649698	24.84610259826782297
37666	58.945226917057901517	34.117753623188406209	24.253702511268514286
38042	60.003154574132494758	34.241224122412241115	24.323529411764706509
38422	59.019969278033791227	34.15288888888888863	24.286978508217444528
38806	59.609831029185869511	34.130167106420401524	24.345043914680051245
39194	60.021439509954056746	34.111401218450829731	24.298822070675758056
39585	58.731454005934715212	34.095607235142118441	24.911894273127753507
39980	58.364963503649633481	34.083546462063083027	24.289185905224787376
40379	58.605224963715528474	34.190516511430992352	24.339361060880047916
40782	60.959641255605383492	34.270588235294120238	24.318425760286224602
41189	59.179597701149425859	34.295587010824313268	24.329001772002364135
41600	60.553129548762733236	34.182415776499588844	24.270711785297550023
42016	59.76671408250355455	34.15934959349593214	24.300751879699248548
42436	59.517531556802246939	34.167471819645733433	24.332568807339448824
42860	58.712328767123288742	34.124203821656053037	24.297052154195011298
43288	60.205841446453405297	34.246835443037973334	24.305446378439079069
43720	60.638002773925101963	34.15625	24.356545961002787237
44157	59.271140939597316333	34.150812064965194281	24.328925619834709693
44598	58.374345549738222871	34.148545176110260968	24.317339149400218901
45043	59.501981505944520734	34.331554878048777368	24.347567567567566016
45493	59.312907431551501247	34.179564237415476669	24.314804917156600084
45947	59.133848133848132989	34.288805970149255131	24.917028199566161106
46406	60.267532467532468843	34.349370836417470798	24.922663802363050678
46870	59.936061381074168253	34.087272727272726058	24.322781525687595661
47338	59.84576485461441564	34.129776496034608613	24.375901132852728637
47811	60.443742098609355651	34.175125089349535301	24.36850152905198641
48289	58.817295980511573816	34.271823988644428027	24.916924664602682071
48771	60.06280788177340213	34.177295024526976874	24.348976535197202509
49258	60.439263803680979947	34.230715774843638144	24.361028684470820593
49750	60.303030303030304538	34.145504461221690917	24.327628361858192108
50247	60.905454545454546178	34.228201634877386539	24.344476744186046346
50749	59.845518867924525352	34.243589743589744501	24.340047961630695283
51256	59.878504672897193473	34.239144956579828261	24.349643705463183352
51768	58.827272727272728048	34.238095238095240802	24.361411764705881211
52285	59.550113895216398419	34.37541091387245018	24.945133587786259
52807	60.076222980659842676	34.312540610786221862	24.368712505768343135
53335	59.792600896860989224	34.167200512491994857	24.376142595978063099
53868	59.456953642384107184	34.180203045685281893	24.904299583911235771
54406	60.050772626931568254	34.153170119271813121	24.375448028673833534
54950	59.341252699784014624	34.130434782608695343	24.400532859680282627
55499	59.869471413160731288	34.364705882352943433	25.010815682739973909
56053	60.078242229367631921	34.199511897498474866	24.402699172834132924
56613	60.098726114649679175	34.186594202898547223	24.983671668137688471
57179	60.506878306878306262	34.218432076600841185	24.393771331058019314
57750	59.536082474226802219	34.62230215827337787	23.590686274509803155
58327	59.822564102564101063	34.269682726204464984	24.476290390264374253
58910	60.173646578140960628	34.130938586326763584	24.993635977938055248
59499	59.380239520958085109	34.273617511520740209	24.947169811320755173
60093	59.088495575221237743	34.163160886867537158	24.418122714343763136
60693	60.814629258517037158	34.289830508474572923	24.413917940466614453
61299	59.39825581395349019	34.302742025741466136	24.41218637992831475
61911	60.93602362204724443	34.318736141906875048	25.014545454545455527
62530	60.067243035542745133	34.094874591057795499	24.40671350507416193
63155	59.356203007518800518	34.211809317443119483	24.962450592885375045
63786	60.980879541108983233	34.666304347826084609	24.373710355368743308
64423	60.377694470477976552	34.285790313996805878	24.43968133535659959
65067	60.981255857544518051	34.481717011128772299	24.415384615384613909
65717	59.580235720761557161	34.29906054279749128	25.025514089870526391
66374	60.121376811594203105	34.195775373518806362	24.962015795411808483
67037	59.641459074733099044	34.290025575447572237	24.40371314160902827
67707	59.288091068301227438	34.24734446130500487	24.434139299891736385
68384	59.567944250871079248	34.312092323130961802	24.440314510364547829
69067	61.392888888888890619	34.361691542288554047	25.051505259339862164
69757	59.367659574468085282	34.261787819253434861	24.441836019621582921
70454	60.42367066895369021	34.418172936003905704	24.992550549840370167
71158	60.405772495755520879	34.210576923076921219	24.461326916466138215
71869	60.394117647058820353	34.174512601046124871	24.445238095238096321
72587	60.388519134775371811	34.434060721062621724	24.431841130932344441
73312	60.688741721854306377	34.30603649976603009	24.445481827275759912
74045	60.642915642915646401	34.39154667905248175	24.397034596375618776
74785	60.310483870967743769	34.164001827318408289	24.423579359895494889
75532	60.280925778132484538	34.30154405086285152	24.436104820446455932
76287	59.552693208430916627	34.22476446837146824	24.458800897723630641
77049	59.497297297297293994	34.443004023245414658	25.048439531859557405
77819	59.403816793893128079	34.34201235657546647	25.038288288288288896
78597	60.181470137825421318	34.291884816753928078	24.424176507147297599
79382	59.775602409638551649	34.275474956822108652	24.908064010040789071
80175	60.555135951661632987	34.3361884368308381	24.451052150045747169
80976	60.792792792792795353	34.239323467230441622	24.456659619450316967
81785	60.491863905325445216	34.205353408615643218	24.457236842105263719
82602	61.005908419497785644	34.232076253626189555	24.452930728241561553
83428	59.805017921146955473	34.531456953642383212	24.472865943091814955
84262	60.751261715933672747	34.378620971032233911	25.063057703747769978
85104	60.788571428571430033	34.34382566585956198	24.469235192639448684
85955	60.319298245614035636	34.368252698920429111	24.48860398860398746
86814	60.329395413481584853	34.286729857819906897	24.461538461538459899
87682	61.401960784313722286	34.210690596956688125	25.044844330191374127
88558	59.554808338937455403	34.245166279969062373	25.051768033946252956
89443	61.053242320819116173	34.348310291858680898	24.471409028727769908
90337	60.915037086985840631	34.374809741248100181	25.07271718012767181
91240	59.751146037982969972	34.417201056205207976	24.480815669439227378
92152	59.606727037516172629	34.475121586232695847	24.4954811270600743
93073	60.673402868318120795	34.318952802359881105	24.492894736842103498
94003	60.84336569579288323	34.395536040980609016	24.47994791666666714
94943	61.095881595881593285	34.349855282199712292	24.488779984524118305
95892	61.233716475095782528	34.332975295381309877	24.493486590038315853
96850	61.065573770491802463	34.234711912336514672	24.687738975274026387
97818	61.098063710181136798	34.39451476793249185	24.491236855282924267
98796	60.241463414634147	34.411703239289444411	25.011645569620252871
99783	60.880414887126299561	34.419799931010693683	25.090017601206941578
100780	60.601322910402885213	34.407647661317852794	24.508754863813230429
101787	60.086776859504134052	34.271717171717170913	25.113989637305699887
102804	60.687131050767412432	34.497986577181208645	24.500476644423258676
103832	60.75599765944996733	34.449900464499002339	25.00770712909441329
104870	60.653556969346439587	34.440065681444991696	24.513791491351099694
105918	59.672112676056336511	34.422489437764056674	24.506709856547892912
106977	61.199656750572081876	34.309493264913406563	24.47986270022883204
108046	61.146576117713635767	34.311209907907269212	24.494672409884380215
109126	60.091409691629955603	34.533544303797469865	25.092205104621751133
110217	61.1976679622432016	34.432052483598873494	24.498110691264724181
111319	61.097145993413832343	34.347115087935819133	24.503411842394893227
112432	60.67566109012412312	34.414447505356598356	24.494989106753813246
113556	60.178060413354529601	34.234549291528487913	24.515544041450777257
114691	61.529506437768240801	34.297547846889955281	25.025310931704122908
115837	60.90273396424815644	34.281444214264574555	24.562553011026292182
116995	61.479243300052552001	34.359765051395008584	25.111611933891392567
118164	61.288381742738586411	34.310104529616722857	24.525529265255293865
119345	61.265400410677621323	34.294540229885058125	25.025162507863282002
120538	61.248983739837399298	34.508445462353279254	25.122551062942893196
121743	61.362399193548384346	34.429581447963798269	24.515304067660089515
122960	61.418581418581418063	34.394405594405597526	24.518444666001993681
124189	60.344509232264336163	34.315833103067149068	24.509374383264258768
125430	60.129434324065194062	34.43986820428336415	24.521994134897362017
126684	60.527472527472525599	34.406300923411187398	24.527395934172314895
127950	61.69238187078109803	34.385917764041927569	24.530291411042945526
129229	60.642421398404508182	34.516292735042732431	24.530941533788915621
130521	61.537482319660540497	34.456441393875394397	24.534022556390976177
131826	61.314418604651166333	34.374445893089962567	24.525767441860466533
133144	61.555247341655110915	34.493264248704662123	24.524590163934426812
134475	61.799172794117644969	34.366215180168666166	25.130816669781349759
135819	61.651838402178846366	34.349772382397574688	24.520491063368840656
137177	60.483686067019398536	34.423337515683812171	24.535324628867822838
138548	60.316935132781885898	34.404767817233675942	24.521769911504424755
139933	60.47234226447709915	34.381572481572483468	25.140675530003594673
141332	60.269509594882727299	34.420847540185093294	24.519777931991672659
142745	60.331783601014372209	34.354993983152830594	24.539281416537733094
144172	60.197077244258871076	34.277698525915361927	25.060316356683468797
145613	61.596023688663279927	34.367004956337034116	24.542895668295972911
147069	61.35544430538172378	34.386018237082069504	25.131408065618593639
148539	60.332656376929328701	34.431849791376912151	24.523526498266470242
150024	60.542372881355930758	34.37763519706690829	24.525747915644924291
151524	61.645240032546787745	34.374773139745919082	24.522414630199062202
153039	60.441943127962083793	34.305985205110964387	25.076028182860888194
154569	61.630382775119613825	34.272505543237251402	25.14134677944046814
156114	61.705138339920949875	34.416666666666664298	24.534653465346533352
157675	61.352140077821012198	34.404320314204667852	24.5408560311284063
159251	60.620860296916632137	34.402894793691942255	25.150189513581807432
160843	61.720260936300846311	34.302196630411600609	24.537452326468343955
162451	61.627845220030351925	34.294067975511929092	24.535719679806675231
164075	61.244867487868610567	34.375654724491930381	24.551099805476582105
165715	61.535462309691794758	34.639423076923080203	24.543098341232227
167372	60.686004350978969057	34.325676784249381512	24.552149039166788924
169045	61.582877959927138534	34.344778545306787976	25.15550595238095255
170735	60.437168141592920279	34.394641418211122641	24.559119677790562264
172442	60.654941962715440695	34.282703777335981954	24.529445234708393997
174166	61.434215167548501313	34.277898051564655191	24.540791883894602421
175907	61.46296296296296191	34.383698201720093834	25.136753358102314593
177666	60.533560477001707056	34.358151228002320465	24.539502762430938532
179442	61.558147512864493933	34.554592720970539688	25.167180925666198021
181236	61.435932203389832296	34.338006820765443194	25.168171087348980564
183048	61.840540540540537506	34.304347826086953432	24.762987012987011326
184878	60.201237381960275741	34.408710217755441363	24.539155826917973258
186726	61.302035456336177788	34.457649012732979088	24.546601814118574225
188593	61.331056910569103024	34.515556368960467637	25.139029592108769862
190478	60.392517438173747735	34.388517782993318406	24.55879319236720093
192382	60.899651788540680286	34.280470420527443309	25.049739583333334281
194305	61.684126984126983473	34.586151655393379656	25.165781634503304076
196248	60.421182266009850537	34.441558441558441928	24.561702127659575723
198210	61.441413515189090333	34.369689613317149224	24.552211073950203968
200192	60.535833081342609319	34.474255209230236119	24.563435582822087611
202193	61.438164691583104116	34.392413675795204142	25.126506772710325066
204214	61.510240963855423502	34.501436053387394054	24.562665383690159615
206256	60.291142940660627403	34.589300687573370396	24.557209191570425588
208318	61.288025889967634896	34.398612945838834776	24.562905317769132552
210401	60.37331420373027413	34.373631759516420914	25.128508300489670546
212505	60.473819009675580105	34.33591856519631591	24.552859618717505441
214630	61.622164800459373168	34.384812560076895238	25.120552434456929092
216776	61.654152445961322826	34.447163515016683277	24.561069567187853835
218943	61.054935861684327847	34.252659574468083292	24.558945597307907605
221132	60.40207593553673604	34.412075941487707098	25.091569272665381618
223343	60.200269541778972382	34.32349777163054938	24.559379810864307103
225576	60.314438502673795028	34.386585365853655105	24.54581066376496068
227831	61.22843321687718543	34.42595950438198571	24.566637912443390235
230109	61.378767671379037552	34.380546839982073948	24.968424479166667851
232410	60.241057542768274402	34.37000887311446462	25.155319839809504145
234734	61.16050026055236799	34.282751570030669086	25.16984773750804294
237081	61.531533869711914519	34.31480677377334132	24.560343934528127363
239451	61.100025516713444063	34.359448988377096157	25.170923998738569338
241845	60.16044776119402826	34.299390157424475944	24.630308585395660259
244263	60.446176688938379584	34.321062245328086249	24.558918158053490544
246705	60.304326570520657924	34.417550223214284699	24.569763967732296095
249172	60.434634974533103957	34.530487804878049474	24.5634858044164055
251663	61.546343849351920596	34.356723549488052072	24.56686841077704031
254179	61.485002418964683102	34.339232639827073967	24.653637245392822308
256720	61.50455198850023919	34.463686400859174341	24.573561788073131851
259287	61.42786069651741343	34.288151282729437241	24.574637475120841401
261879	60.063990825688073016	34.376345497505909066	24.905278174037089656
264497	60.972106961733516073	34.368113305613306352	24.554121797252136616
267141	61.369400413507925407	34.367811655731379972	24.555657689125837351
269812	61.098731884057968955	34.270544900292136958	25.194882808852366196
272510	60.024229074889866808	34.373107971745710643	24.554874752207606292
275235	60.003270111183780955	34.400074990626173133	24.559204068885517103
277987	61.271104253912277215	34.378802869156565691	25.184544301503894559
280766	60.056898395721923123	34.407598039215685048	24.574704595185995259
283573	61.220423143350600981	34.636985464761210096	24.570921064032578585
286408	61.132977588046955475	34.341486810551558051	25.147774168056898247
289272	61.066497783407221789	34.404376784015227031	24.566624203821657346
292164	61.122175732217570499	34.287524938387512918	25.160523596279709579
295085	61.132173192459084987	34.316199558088150923	25.19940222032450805
298035	61.097785977859778939	34.37146811209779429	24.570074196207748685
301015	60.082834331337323874	34.397783110501656267	24.570647294098442615
304025	61.233635448136958246	34.333709768492376213	24.569662194924841714
307065	59.961921499707088401	34.435908937983626288	25.150708493734128979
310135	61.014164863269719774	34.402107598447031478	24.572933998890736262
313236	61.214774281805745204	34.327232876712329812	24.571383746470033316
316368	61.181202862115647179	34.343030829353018873	25.017238652538352994
319531	61.002481863306606158	34.637506775067748777	24.575526842024302709
322726	59.963953920475660198	34.292423759430455732	24.566187105122935463
325953	59.917830882352937749	34.525262154432795114	25.164286265729945313
329212	60.886258553726648302	34.353751434832517475	24.898805021933142712
332504	61.110825215952949918	34.335398595621640538	25.189696969696971252
335829	61.148761835396939546	34.412234860129110814	24.579448144624166162
339187	59.905863652419640175	34.348050632911395041	24.573426066797072309
342578	59.880790071665792595	34.495821166045715245	24.562845056284505318
346003	59.955466990123028381	34.36319396166451412	24.940748215959057887
349463	60.744481140274636743	34.627724930638130729	24.570273500667930477
352957	60.970288478148212619	34.314310713591289925	25.17704543833368902
356486	60.647499149370531768	34.423136346079566295	24.55137741046831934
360050	59.601059427247143674	34.580291970802917945	24.57511432666712281
363650	60.923102697269222006	34.287195926833867077	24.574266792809840609
367286	60.778752275359920532	34.380417485724983351	24.567625418060199394
370958	60.772935779816513957	34.287642111100844033	24.581406136107613492
374667	60.862085769980510008	34.41416368145494431	24.560275319567356433
378413	60.769712542155133406	34.335631975319842013	24.577060466324610388
382197	59.680980637101811226	34.370233812949642527	24.577004694231881388
386018	60.780664462289401229	34.291374256018478661	24.71622486874119673
389878	60.794947762357708143	34.332335329341319152	24.574724235739047629
393776	60.852418482460208793	34.342926914355487611	24.552687367502183946
397713	60.849602203182371341	34.431044931174788815	24.575974788358152523
401690	60.614154217594688134	34.291446132832504645	24.572704471768521017
405706	60.807254196642688271	34.419784508356663366	24.580793698879126907
409763	60.786678534342087232	34.425186927665293979	24.57938935876672204
413860	60.55010972933430935	34.459616985845130444	24.950865135346958823
417998	59.739602686865801218	34.281801033379807109	24.579442549688344855
422177	60.501146460303814933	34.570668195217820085	24.568028398510243449
426398	60.705865603644646455	34.386935483870971098	25.185942114589487062
430661	60.939719824536581427	34.342982456140347836	24.581107305936072294
434967	60.698716159642756907	34.420115533750099246	24.574406779661018163
439316	60.695772312793586423	34.361830269847480679	24.579869076260280281
443709	60.541547277936963667	34.637704918032788726	24.629975020815987108
448146	60.69149512459371465	34.435684647302906569	24.584233912995774318
452627	60.05400026535757263	34.430777422790200148	25.199142634450506506
457153	59.67275812557107173	34.395681288089683392	24.582083131687905819
461724	60.498427672955976675	34.449302394986197839	24.58463340610191139
466341	59.558237547892723285	34.282217157979857802	24.580487033523088058
471004	60.610474842362627612	34.430116959064328341	25.195463785171714477
475714	60.477243834223237684	34.355022748609805205	25.195381600550817325
480471	60.811416276420708016	34.294860813704495683	24.574007774140753213
485275	60.742896482663660152	34.241814846175557818	24.585824298307834113
490127	60.241764995083578071	34.291401385293497128	24.889650619540930165
495028	59.541496271349529934	34.300720620842568565	25.178169981181017789
499978	59.741665670928426835	34.391112945384506361	24.577397630634617798
504977	60.679764479692380519	34.403665349502659865	24.956854798853413513
510026	60.739073478623318181	34.417032188406771809	24.578381764734228199
515126	60.531844888366627799	34.282310661520028816	24.581313227715213543
520277	60.709101516919488972	34.416683204339484803	24.581951334750769433
525479	59.557860138274961059	34.432802568639012009	24.565424711327192853
530733	59.599438517686692762	34.469896733129829158	24.58463035019455134
536040	60.398873239436618121	34.273657289002557036	24.564201264778663614
541400	59.442248572683354269	34.427063461783035336	24.58450640268821985
546814	59.391115455631585007	34.525445131961106426	24.584749572880138402
552282	60.59045529347229575	34.390808892209975056	24.585202991452991483
557804	59.492747440273035409	34.290526833466529411	25.046203583135017823
563382	59.459841688654350378	34.495591476855253177	24.591095591444783963
569015	60.572173727911433616	34.389882751118094006	24.580543436001555335
574705	59.351957038108025699	34.386704960210614956	24.58000085539540791
580452	59.902167182662537925	34.325960969840330961	24.844925737276891908
586256	60.651355265880404488	34.544576041482528694	25.196888296729273549
592118	60.23580874872838109	34.315734569689944067	24.585533964457731315
598039	60.389679894981320274	34.40564952249453512	25.153053499327054254
604019	59.188535031847131052	34.472035155804128692	24.569598112593556749
610059	59.483131825273012794	34.346301092219341911	24.579331184528605547
616159	60.107209052775338876	34.499384098544233268	24.578523275758904276
622320	59.953757225433527367	34.538794538794540756	24.586938485243571506
628543	60.193736832024519856	34.40866042590463536	24.59088419405320991
634828	59.340811366610580535	34.272418074825893086	24.742877187512178239
641176	59.05102228771412598	34.429254148096440247	24.586854820154918855
647587	58.968038608632305397	34.431465333900469261	24.587554104335939797
654062	58.508095536273373227	34.219001778800880231	24.71049151837999247
660602	58.714958670340415381	34.404562262382164306	24.570482779141560314
667208	58.727928879500041148	34.321399176954734855	24.652970736033108068
673880	58.369857080987443965	34.413236645899296207	24.588776180398454585
680618	59.204766875434934548	34.319181121419930491	25.198741206960384886
687424	58.774281805745552276	34.348873232398943856	25.049156433334548666
694298	58.467199999999998283	33.697243253737141799	25.125683060109288647
701240	56.310929093391152378	32.900441024678613644	24.987172177879134694
708252	56.281945327399874657	32.863997030300218682	24.969222633527234478
715334	53.643344581927259185	31.931702526560130195	24.322815368922135804
722487	51.917720609370505258	31.822013742071881381	24.221771489875283834
729711	51.032309951744878163	31.676983851363083033	24.559470920840063002
737008	51.596751610193223314	30.725309542668945539	24.22057905287718782
744378	50.452623017486786239	31.623178554738942125	24.235788239890602824
751821	51.172134494963245288	31.763952849719043314	24.570919667952153986
759339	51.750766714373341415	31.894279233870967971	24.233707793451202406
766932	51.115169288189818531	31.665235342691989473	24.277682811016145337
774601	51.182833355358795302	31.606047005059572541	24.599098097748420599
782347	51.476970654033422647	31.139428434962585612	24.16441191005683109
790170	51.064366033346260565	31.852702866126495707	24.249501304281110947
798071	52.20244636316064657	31.760227634511302597	24.588563329944232549
806051	52.262919017052453796	31.874841822208161091	24.257455836769086233
814111	51.719141096499583909	31.592650083433582608	24.25909592061741904
822252	51.176448621397895522	31.734928598996525295	24.272405242649664814
830474	51.454399008674101879	31.691432932646442566	24.169087046360701265
838778	49.488347395126552897	31.336272275563192835	24.051671732522795111
847165	48.104309806371020386	31.534152242694954538	24.05693596478773344
855636	44.372556137530466458	30.69656310540288402	24.0868169918081243
864192	45.979888268156422271	30.460399703923020098	24.223343424150691305
872833	46.489107856191743906	30.70004572473708393	24.471038465851744803
881561	45.809654957389312813	30.295233513179148588	24.194115871229794124
890376	46.985540897097628488	31.525546153029068819	24.203550167178622843
899279	45.858184599694034489	30.639829642248720631	24.117115425874274592
908271	45.311598902469441441	30.542437285627816124	23.859799826621483021
917353	45.138660630812381669	30.356828485389986128	24.441238376895000783
926526	44.484636066833111556	29.940089187617139999	24.086255751683260939
935791	43.845335707257646618	30.316875627693004702	23.998333076883621828
945148	42.825011327594019406	29.806931785928284739	23.905405063611301131
954599	42.07135301895107915	30.185903111560840273	24.29375986155647027
964144	41.82474405691480257	29.798918250656775797	23.968179784219163508
973785	41.291820379086630055	30.209871564186883575	23.940626920712968939
983522	41.25338702235644206	30.318187422934649078	24.075836576827985169
993357	41.083460854460483347	29.924898328061455999	23.445372796148127748
1003290	40.45850471812242688	29.827863003924367291	24.500366300366302141
1013322	39.192496615741639232	29.216676758065911912	23.923365677455912248
1023455	38.548210922787191635	29.941343397109591251	24.30201358218169716
1033689	37.531370270859049754	29.533971428571430096	24.556682662612249857
1044025	37.09187480015631877	29.248494186860906296	24.682025579800942694
1054465	36.701298249277783725	28.806583800027318887	23.862612867455702315
1065009	35.384709947504816796	29.276183407554015048	23.49405484105799502
1075659	35.520225869299608235	28.821816135687683413	23.9594386902773131
1086415	34.620152321468403045	28.615471737870727509	23.602324570932001535
1097279	34.595926474761171221	27.83559107052257886	24.187787942246224304
1108251	34.985983521166780008	28.729028411447533387	23.957003891050582922
1119333	34.882140297298136034	28.6215863761890148	24.06546697626419018
1130526	34.727713952202492464	28.969276105060856707	23.971120817607395992
1141831	34.375933285163775111	28.525806935145396892	23.929228576817486385
1153249	33.795832844918535898	28.37509534237138098	23.757266753187895603
1164781	33.243364347280092375	27.990796145435322018	23.874823211101318776
1176428	32.603386636366153084	28.218469656992084538	23.883468339525347091
1188192	32.590707115036479991	28.029345851713806326	23.831521521119981344
1200073	32.549648756407819405	28.342378725615226642	23.838405307695364144
1212073	32.853739191716584855	27.747653495719060146	23.569722897423432073
1224193	32.579986693280105214	28.563265591824354317	24.109202985603719327
1236434	32.862033222591364279	28.379406904149835356	23.816966521554878256
1248798	32.954162818313761818	27.885536922492910605	24.023662036858912217
1261285	33.141997530020759655	27.865696043125730341	24.212178219722417793
1273897	32.913833195535346476	28.123829918756623414	23.782708535583601872
1286635	32.555729865134992451	28.162566212844197366	24.532099071443553839
1299501	32.046090108751940306	27.531217558950022095	24.110822494758519241
1312496	32.670284263453972073	27.650704700107443301	23.78873724466677686
1325620	32.618602362204725864	27.649340897714001386	23.301868551037987487
1338876	31.527444839522452469	27.051278942902168723	23.680574470719324864
1352264	30.844030838009214079	26.735680816148995831	23.001598911379485202
1365786	30.772034967555875085	26.375690394345525647	23.795424847988570605
1379443	30.595816883289714383	27.449963186277436478	23.839811278364411606
1393237	30.692772013306015566	26.87364015122290084	23.799337216651576199
1407169	30.786054957556665101	26.912406525522595047	23.734465659155308259
1421240	30.614996876548261184	27.17320230197120523	23.793213131769707758
1435452	30.455995926334548329	27.012137520934871304	23.661166696886279937
1449806	30.283154046997388775	26.541556824838899331	24.128447085059995914
1464304	30.324387011265738323	27.138853880940025931	23.814855172638118574
1478947	30.546027221843566224	26.715083092485549798	23.787226171711647993
1493736	30.340137712509900325	27.311282979540344229	24.110015333709949203
1508673	30.459166986331791094	27.161763646838544162	23.829555685425912515
1523759	30.047898877955471875	27.403765916121141544	23.70797547921334214
1538996	30.295196850393701027	27.536160314904275737	23.849679988842225953
1554385	30.605962155669757863	27.473311181024428151	23.984091715656777666
1569928	29.97246988296836534	27.398394415357767429	23.247171711188769905
1585627	29.971212550798600915	26.934838369940035108	23.657247295785154506
1601483	29.390941290902752314	26.962808943363189229	23.621041608283306346
1617497	28.732516209254818307	26.821493715384871592	23.572488268384390153
1633671	28.936553483181889135	26.619592315588796794	23.60864475851903066
1650007	28.560669528491310132	26.39040033267757579	23.428946695822563839
1666507	28.13429786946685951	25.972212265253642016	23.618296485260771078
1683172	27.848643282594309767	26.357218916379579809	23.992530718134389645
1700003	27.358948774482193755	26.463309464508093072	23.745048467748695487
1717003	27.599668868849558834	26.242232037781413112	23.625772273821809222
1734173	27.346847699246222163	26.014806258531976368	23.475376326619016965
1751514	27.390088667177504789	26.223409989220265004	23.659196822952548445
1769029	27.070068859984697696	25.901622302263611175	23.65423135036838076
1786719	26.564362176628009138	25.955417066155320072	23.479493278315832328
1804586	26.341629322550978998	26.178460556474309584	23.987584740130266425
1822631	26.670046824700030186	26.139155002294629071	23.739593102011046
1840857	26.117744704396805844	25.624401447661469433	23.170297926972018843
1859265	26.223765867418901365	25.140490839023730274	23.385216210097350853
1877857	26.33038881644442597	25.854047058499581624	23.061846807569970963
1896635	26.036941958157157728	25.330007879589192754	23.351822211278008723
1915601	26.051256595767828372	24.916766389177940511	24.113202084539665293
1934757	26.005847009960078253	25.40051201260338587	23.398846237573469153
1954104	26.046732335417139836	26.074536647852369242	23.654569664689503838
1973645	26.03444182089197767	25.838460934227065025	23.709156215462975581
1993381	25.989660882149703269	24.894857128584273909	23.202050888097399906
2013314	26.046470108801116794	25.140655827776530629	23.16710393077418928
2033447	25.767233514116274051	25.740161267864149153	23.194860154218186921
2053781	26.10993020506235851	25.563935324064278376	23.424932991160535067
2074318	25.982238589107669924	25.351592481239762833	23.825209041624553663
2095061	25.863673398844500895	25.184351296445441903	23.365166283764192912
2116011	26.675545862538449171	25.440163027796479867	23.528749179945069869
2137171	26.186970053423515026	25.553548155676452325	23.944820400206154432
2158542	25.925629661658199154	25.703660482507324048	23.6391930961976513
2180127	26.042872672105886522	25.039360040428171317	23.854419922751194605
2201928	25.612152793932907002	25.555674195120818837	23.305264494824410093
2223947	25.889652041303360619	25.489071758489874497	23.81227046415760995
2246186	25.66160560258651202	25.675979058549188494	23.469401402196286455
2268647	25.973106953953244869	25.716081569729876577	23.537345022565752117
2291333	25.698825719765366671	25.336514220000886155	23.593531513535221933
2314246	25.576300782458776695	25.221465392286148699	23.428047903949138941
2337388	25.623073381421146877	25.4925672654298765	23.57996892843451775
2360761	25.816749231761860983	25.454595445527473885	23.59628378378378244
2384368	25.819658462104886354	25.548807406296209166	23.365161492630917905
2408211	25.649554260882531764	25.676081115660185361	23.075775433351537913
2432293	25.716235647374766415	25.181101954613218652	24.011026762356983966
2456615	25.733417832900361333	25.352848901410776961	23.028966486993205365
2481181	25.738926118799145826	25.510543794532239303	23.538606760333557588
2505992	25.42708713827671474	25.411101421647163789	23.397088892415993655
2531051	25.82705102040816314	25.211177958842160507	24.230090274653214522
2556361	25.321034489589731464	25.751077846724150788	23.460171062533266451
2581924	25.755623609684079156	25.289178812098416671	23.182674436353515546
2607743	25.704965056333723084	25.249498930082591386	22.790573491111850046
2633820	25.663506416315076564	25.392090700499391431	23.36707625426961954
2660158	25.573032627713367049	24.983874148861236364	23.509805481171177632
2686759	25.661499522445080146	24.784685066971697154	22.610867991853634607
2713626	25.356725036909679716	25.300222829279206849	23.333184292212315825
2740762	25.432293744838400329	25.474606833475853307	23.626647586700343595
2768169	25.469650825780927761	25.424035635562088231	23.458065336214566798
2795850	25.179217925394908661	25.559720254148192708	23.456494928393446742
2823808	25.445442667267403891	25.476434500180438647	23.159255310424015306
2852046	25.497934807874550245	25.340032518591570465	22.784287722886176653
2880566	25.524487173807099083	25.056679598476019777	22.718830841062526815
2909371	25.521917627966139719	24.369448679074597663	23.799509182379647854
2938464	25.205126005729873384	25.619585687382297579	23.856203419552826972
2967848	25.342828841752911728	25.469843122446878425	22.639774200930659731
2997526	25.474436550294047521	25.496104382144800127	23.279043218265833559
3027501	25.489164477672257902	25.226021747281588858	23.366477316579967294
3057776	25.593009533215596463	24.858956952969393228	22.874361333662484697
3088353	25.441367152424810172	24.465496344062170664	22.316463013678831118
3119236	25.214301303866331949	24.386940409363127458	23.460663678209332517
3150428	25.27297522782697925	23.811499013657630996	23.065864230070872054
3181932	25.045905355624821453	24.245692906725999194	23.70524998323760002
3213751	25.464529931460717194	25.266927165230516295	23.302910551656129456
3245888	24.766049655888053849	25.217831782090527781	22.737314018324973119
3278346	25.161915726456367537	25.269751953998181193	22.766133568516885077
3311129	25.001540355036734553	25.118944301992140566	23.610951460741457453
3344240	24.373683558419031669	24.925950494532933988	22.934342810901259924
3377682	25.260307370152936812	25.326789838337180782	23.534737560880440554
3411458	25.272118468912282196	25.10030681391772589	23.496669857909346035
3445572	25.250795139754057317	24.739875926245044724	23.304984206646061295
3480027	24.66512392711087287	24.310862260473498964	23.189667350800970524
3514827	24.958473872197803445	24.402250810555621285	21.850359631727165777
3549975	24.985044058444302095	23.612820188770861307	22.571912712845097815
3585474	24.594596077731971207	22.645718724933523447	22.208915840265603947
3621328	24.021120220754067276	22.545934503797784743	20.827790878242364414
3657541	22.698472098103465555	23.386559672623803863	21.690898523908646922
3694116	24.100286402098106464	23.264160211600227512	22.340245650320216697
3731057	24.045428473837866079	23.135755388545774736	21.95204278553105226
3768367	23.867796180764479175	24.010443015795139843	21.937041931296242581
3806050	24.251315772705840601	23.225040731768338276	21.979326076285623515
3844110	23.949199743319773859	23.300319430722325365	22.311857913982240831
3882551	23.678856111290684794	22.39097913470743606	20.629810681133470496
3921376	23.673945460363075455	22.115308913515494993	20.646645044437892835
3960589	23.454312346029940528	23.698079903307064598	21.524004391113429335
4000194	23.443673445466799876	23.552026848008477344	20.63157406117996473
4040195	22.906716333287974408	23.57668471791041398	20.451195375418240729
4080596	23.46734604678981384	21.432264502744295953	19.533261530360690017
4121401	22.704441286000747624	22.247178213813391778	20.602987417453597629
4162615	22.581059015628643039	21.447381302006853332	20.217468381481552342
4204241	23.049187787481564271	21.567731311431678876	21.198423823161629542
4246283	23.064463213926835294	21.258200332418848433	19.627821946935380737
4288745	21.922960925838836488	21.383743599204233732	20.829160616024207542
4331632	22.017597275522913236	21.578857697959996642	20.740099495817631237
4374948	22.384548082580778328	20.501354276984788072	20.625942322107974292
4418697	21.350591179895534566	20.540041650009762009	18.485951554198216229
4462883	22.156109596929937311	21.292177555557675106	20.004675201262259066
4507511	22.27229200225316319	21.225500675729765732	20.4966987094955293
4552586	22.586193039466177623	20.951755496136481582	19.872478065389149293
4598111	21.806877679553817728	20.292110187293687318	19.913863144218275636
4644092	21.297117333602368916	20.811619142366758695	19.01703063384751502
4690532	20.779575418202437476	20.153094588498142059	18.858684464458026042
4737437	21.49023797211108544	19.559132326772939336	19.035560305858812313
4784811	20.969550221536600532	20.240317258883248286	17.683992859597964298
4832659	21.337750128044365994	20.6303479188900738	18.250774192573793187
4880985	21.706966174207721565	20.233655707599769613	18.433697400919989207
4929794	20.936597257318560139	20.349102827116208658	19.084649571061351736
4979091	21.411116892499151731	20.172882372245474869	18.622683427648137666
5028881	20.794678189674776547	21.255139562799033826	18.48894093252057047
5079169	20.228882649302029506	18.167075015827254703	17.367767945070575308
5129960	20.632742366228001174	19.14907277450951284	17.876916643434626053
5181259	20.083177642544285391	17.477859448737884662	17.52218994443636646
5233071	19.984232032383715705	18.820746777534814953	17.583653103054331268
5285401	20.128496513483355557	18.870164552487924681	17.440919860351232984
5338255	20.654325477739043038	17.880187032961881499	17.109572313175473113
5391637	18.966605691771906805	18.027166281044788576	17.302849129022735752
5445553	20.880348008803746751	18.918023276011812328	17.786450354876322422
5500008	20.421984419905093944	18.699877600979192493	18.126357003025450609
5555008	19.538285135448834495	17.568575856288941139	17.298530794765916596
5610558	20.021118216335036522	18.386711760426294404	17.579194069413677681
5666663	20.02842742576812185	17.876980008265480393	16.639689796829255641
5723329	19.502395491160875451	18.43980746120066172	17.704868791046298071
5780562	19.249418910548854456	17.8508824210607564	16.474422952510966667
5838367	19.160279214471369613	17.355998561189576179	16.812958238062051919
5896750	19.1263521512787662	16.56776720415152937	16.010116368098959327
5955717	18.407863584944148982	16.316407041921678456	16.995648153961177229
6015274	18.631214768010902816	17.564946460744206291	16.861031068853783665
6075426	18.544916759766305603	16.808994048788314046	16.813041023710951549
6136180	18.814615853976370374	16.183787148297799519	16.364717679563906216
6197541	18.574197396182984932	17.327781583325180037	15.915820696208220042
6259516	18.868399317550174743	16.336516503506359754	15.790908173562058892
6322111	18.680429033640137959	15.992145722770574778	15.756471828511186217
6385332	18.667941341566095304	17.197926121443096292	16.930887917251109087
6449185	18.553573380744424526	16.516678831649443282	15.859067614888259001
6513676	17.091327963055285011	16.151585483183065861	15.263160854629555629
6578812	18.197089599508757374	15.520202318070618119	15.984207278258038443
6644600	18.091620720168812397	16.254709134497772993	15.637848460244054394
6711046	18.329480463436883753	16.657927788837206151	16.038979879116965321
6778156	18.215756885171888513	15.972843491887688927	15.407456237057511217
6845937	17.424386730263123013	15.328737953641672576	15.540722697926977247
6914396	17.789751281925937576	14.835562974581016249	14.313682301650720419
6983539	15.845210840981541978	15.368162652723496464	15.642867062692076274
7053374	16.764927909641045289	14.86614017228042961	14.271527051334711444
7123907	16.809715500581646097	14.664400283246465051	14.341117309213744946
7195146	16.928162055335967295	13.925244533557320281	14.315593234502367537
7267097	16.461768296964795155	15.111137219022269917	14.100135430895319288
7339767	15.621112156335264842	14.744942565219313124	13.464226030073504603
7413164	15.648302007869361319	14.19822684100750898	13.923683449345809038
7487295	15.00378737022245268	13.792008060832019467	13.26586676541407428
7562167	16.388546475088311638	13.625673430703756139	13.982960838589308494
7637788	15.367442571693583631	13.491345550894237704	13.899270258957979962
7714165	15.365117904939079807	13.275678698963128355	14.274520507387840951
7791306	15.918362093271277047	13.712621769318092291	13.00328115090623804
7869219	15.254119699539616661	13.329345425226300392	12.76881924567245008
7947911	14.289432569411857799	12.607666841686985038	12.264821573241773578
8027390	13.935521614893461972	12.582924608007724387	12.746400710092620656
8107663	14.506101117524341504	13.652275165061654505	12.161470177059646502
8188739	14.532104214249333296	14.003206355937999561	12.913364630855866722
8270626	14.352546125973539404	12.009807509119211133	12.41058676474339606
8353332	13.96478933281620094	12.438975794622846749	12.712343860332611101
8436865	14.536043486500922484	13.155591488724711624	12.794508145881261285
8521233	15.334536044442124592	12.039857181611637316	12.324339217401995228
8606445	13.687921661932495709	12.429730736791025691	12.413094084253522453
8692509	13.934188379451962092	12.328943094735260289	11.600049909855327357
8779434	13.693901297728974242	11.884673333161865472	11.853543938573620764
8867228	14.02030813210721405	12.480334864657928406	11.762667391837844377
8955900	14.556923962141173234	11.660842256572642839	11.417181801145554587
9045459	13.416581133194897646	12.141930556245361217	11.297587971833026543
9135913	13.747724741926745651	11.959300552285130337	11.619484952776314657
9227272	12.811331731096309738	11.616757752355198363	11.375164729769212002
9319544	13.041221792779959188	11.499845756324607038	11.723817622816772754
9412739	12.763208992664306862	11.150275240442990565	11.497444059407754935
9506866	13.417770363344850182	11.512714784122959344	11.943824163122750193
9601934	12.679469471082107646	10.325770512958381886	10.921564836004785448
9697953	12.501985914893781526	11.253502086398722071	11.721025431533554695
9794932	12.474013247124716486	10.706563786750439959	11.421595652883695493
9892881	12.972381725414399156	10.566370915802323793	11.398247554526285796
9991809	12.494056081778111889	10.572459021944197843	10.847927433013419218
